botid, date, time, press, atp, 
#, mmddyy, hhmmss, dbar, ng/kg, 
1010200923, 011399, 185133,    5.3,  23.01,
1010200921, 011399, 185018,   25.2,  24.82,
1010200919, 011399, 184907,   46.0,  26.76,
1010200917, 011399, 184747,   75.6,  26.41,
1010200915, 011399, 184632,  100.9,  28.00,
1010200913, 011399, 184517,  125.3,  21.18,
1010200911, 011399, 184402,  150.9,  14.36,
1010200909, 011399, 184248,  175.2,   8.33,
1020200722, 021899, 180243,    5.7,  27.00,
1020200720, 021899, 180030,   25.5,  29.33,
1020200717, 021899, 175745,   45.1,  32.48,
1020200715, 021899, 175515,   75.6,  29.91,
1020200712, 021899, 175216,  101.1,  41.81,
1020200708, 021899, 174940,  126.7,  30.81,
1020200706, 021899, 174801,  151.2,  26.95,
1020200705, 021899, 174648,  176.7,  16.40,
1030201023, 031799, 195742,    5.2,  36.89,
1030201021, 031799, 195612,   24.7,  37.80,
1030201019, 031799, 195452,   45.8,  38.69,
1030201017, 031799, 195302,   76.7,  37.24,
1030201015, 031799, 195132,  100.4,  27.92,
1030201013, 031799, 194952,  125.5,  25.74,
1030201011, 031799, 194813,  155.3,  15.48,
1030201009, 031799, 194632,  178.8,  12.19,
1040201223, 041599, 122758,    5.3,  25.12,
1040201220, 041599, 122518,   25.4,  31.20,
1040201217, 041599, 122303,   45.2,  16.86,
1040201214, 041599, 122033,   74.7,  35.32,
1040201211, 041599, 121750,   98.9,  24.24,
1040201208, 041599, 121504,  125.0,  34.49,
1040201206, 041599, 121249,  149.9,  15.80,
1040201205, 041599, 121119,  176.8,  16.14,
1050201012, 051099, 195317,    6.5,  17.77,
1050201011, 051099, 195212,   25.6,  19.88,
1050201010, 051099, 195102,   45.5,  15.79,
1050201009, 051099, 194942,   76.5,  22.18,
1050201008, 051099, 194817,  101.4,  16.27,
1050201007, 051099, 194702,  126.3,   9.09,
1050201006, 051099, 194547,  152.8,   7.20,
1050201005, 051099, 194432,  175.2,   4.97,
1060201012, 071499, 194900,    4.0,  22.13,
1060201011, 071499, 194740,   24.5,  16.98,
1060201010, 071499, 194625,   45.0,  31.67,
1060201009, 071499, 194459,   74.1,  28.04,
1060201008, 071499, 194340,   99.9,  27.16,
1060201007, 071499, 194210,  124.3,  21.30,
1060201006, 071499, 194040,  149.0,  19.91,
1060201005, 071499, 193925,  175.2,  13.07,
1070201311, 081499, 195143,    5.0,  21.88,
1070201310, 081499, 195026,   24.2,  27.63,
1070201309, 081499, 194908,   44.9,  29.68,
1070201308, 081499, 194730,   74.6,  56.32,
1070201306, 081499, 194329,  123.5,  29.26,
1070201305, 081499, 194149,  173.8,   6.00,
1070201404, 081499, 224302,  100.4,  38.16,
1070201403, 081499, 224118,  149.1,  14.14,
1080201012, 101599, 205103,    4.7,  19.46,
1080201011, 101599, 204946,   25.0,  22.22,
1080201010, 101599, 204838,   44.8,  24.08,
1080201009, 101599, 204728,   75.3,  25.26,
1080201008, 101599, 204618,  100.1,  22.25,
1080201007, 101599, 204459,  124.2,  16.27,
1080201006, 101599, 204338,  149.1,  10.09,
1080201005, 101599, 204229,  173.2,   4.24,
1090201116, 110999, 214829,    4.2,  30.03,
1090201114, 110999, 214713,   24.7,  36.86,
1090201112, 110999, 214446,   44.4,  31.68,
1090201109, 110999, 214248,   75.2,  29.71,
1090201108, 110999, 214128,   99.7,  31.79,
1090201107, 110999, 214013,  124.4,  15.40,
1090201106, 110999, 213913,  150.0,  10.75,
1090201105, 110999, 213758,  176.2,   7.96,
1100201012, 121599, 194816,    4.6,  32.22,
1100201011, 121599, 194716,   24.7,  31.72,
1100201010, 121599, 194606,   45.1,  21.93,
1100201009, 121599, 194446,   73.8,  25.49,
1100201008, 121599, 194326,   99.6,  26.59,
1100201007, 121599, 194211,  124.5,  14.90,
1100201006, 121599, 194111,  148.7,   9.90,
1100201005, 121599, 193956,  175.2,   9.60,
1110201212, 020400, 004449,    4.6,  29.51,
1110201211, 020400, 004344,   24.7,  34.28,
1110201210, 020400, 004249,   43.9,  38.64,
1110201209, 020400, 004134,   74.2,  40.21,
1110201208, 020400, 004029,   99.6,  33.29,
1110201207, 020400, 003919,  124.0,  22.87,
1110201206, 020400, 003819,  148.5,  13.18,
1110201205, 020400, 003709,  175.8,   9.58,
1120201313, 030200, 004919,    4.1,  44.30,
1120201312, 030200, 004814,   24.8,  48.46,
1120201311, 030200, 004709,   45.0,  46.10,
1120201310, 030200, 004559,   75.2,  38.79,
1120201309, 030200, 004449,   98.8,  36.65,
1120201308, 030200, 004339,  125.5,  19.80,
1120201307, 030200, 004229,  150.6,  14.79,
1120201306, 030200, 004114,  176.0,  11.85,
1130201012, 032900, 195202,    4.6,  41.74,
1130201011, 032900, 195052,   25.2,  26.46,
1130201010, 032900, 194938,   46.2,  26.92,
1130201009, 032900, 194824,   76.9,  22.87,
1130201008, 032900, 194708,   99.7,  20.20,
1130201007, 032900, 194553,  123.9,  12.85,
1130201006, 032900, 194439,  150.1,   8.72,
1130201005, 032900, 194324,  173.9,   6.25,
1140201012, 042600, 195044,    5.1,  24.00,
1140201011, 042600, 194944,   25.8,  29.34,
1140201010, 042600, 194834,   45.6,  32.57,
1140201009, 042600, 194714,   74.8,  25.99,
1140201008, 042600, 194559,  100.2,  28.79,
1140201007, 042600, 194444,  124.4,  15.73,
1140201006, 042600, 194329,  149.5,  12.14,
1140201005, 042600, 194219,  175.9,   7.89,
1150201518, 052600, 015253,    5.5,  23.35,
1150201516, 052600, 015131,   24.4,  26.21,
1150201514, 052600, 014958,   44.9,  33.61,
1150201512, 052600, 014742,   74.4,  33.12,
1150201511, 052600, 014629,  100.4,  27.79,
1150201509, 052600, 014505,  124.5,  22.67,
1150201508, 052600, 014349,  149.2,  11.48,
1150201506, 052600, 014218,  174.6,  10.16,
1160201212, 062100, 224520,    5.0,  40.74,
1160201211, 062100, 224350,   24.8,  53.37,
1160201210, 062100, 224245,   44.1,  73.63,
1160201209, 062100, 224125,   74.7,  29.18,
1160201208, 062100, 224020,   98.9,  19.87,
1160201207, 062100, 223920,  125.1,  19.93,
1160201206, 062100, 223815,  150.9,  16.26,
1160201205, 062100, 223710,  176.0,  14.03,
1170201324, 072700, 105340,    3.8,  57.37,
1170201322, 072700, 105159,   25.2,  66.78,
1170201320, 072700, 105023,   43.3,  58.84,
1170201317, 072700, 104718,   73.7,  40.22,
1170201315, 072700, 104551,  100.0,  26.36,
1170201313, 072700, 104426,  123.5,  16.58,
1170201312, 072700, 104314,  150.2,  13.83,
1170201310, 072700, 104143,  173.4,  11.78,
1180201312, 082400, 005622,    5.2,  31.52,
1180201311, 082400, 005453,   24.8,  35.74,
1180201310, 082400, 005339,   44.8,  45.09,
1180201309, 082400, 005206,   75.2,  33.69,
1180201308, 082400, 005038,  100.0,  31.84,
1180201307, 082400, 004917,  124.6,  18.36,
1180201306, 082400, 004756,  150.5,  13.29,
1180201305, 082400, 004633,  177.6,   8.71,
1190201012, 101800, 185507,    4.1,  25.39,
1190201011, 101800, 185357,   24.3,  31.44,
1190201010, 101800, 185258,   44.6,  27.41,
1190201009, 101800, 185148,   75.3,  39.12,
1190201008, 101800, 185038,  100.1,  30.52,
1190201007, 101800, 184932,  124.8,  22.72,
1190201006, 101800, 184822,  151.4,  10.64,
1190201005, 101800, 184712,  174.8,   7.89,
1200201410, 120100, 064403,    4.6,  28.76,
1200201409, 120100, 064246,   24.9,  34.84,
1200201408, 120100, 064132,   44.5,  31.32,
1200201407, 120100, 064001,   74.9,  37.30,
1200201406, 120100, 063842,  100.0,  31.45,
1200201405, 120100, 063717,  124.1,  31.84,
1200201404, 120100, 063554,  149.7,  16.64,
1210201411, 122100, 055818,    3.4,  30.52,
1210201410, 122100, 055643,   23.8,  34.40,
1210201409, 122100, 055510,   44.5,  18.89,
1210201408, 122100, 055324,   74.5,  38.50,
1210201407, 122100, 055154,   99.5,  31.84,
1210201406, 122100, 055018,  125.0,  18.05,
1210201405, 122100, 054838,  149.7,  13.83,
1220201212, 011801, 005721,    3.7,  21.09,
1220201211, 011801, 005611,   23.8,  29.22,
1220201210, 011801, 005456,   43.6,  32.37,
1220201209, 011801, 005329,   73.3,  32.96,
1220201208, 011801, 005131,   98.9,  28.84,
1220201207, 011801, 004958,  123.6,  17.80,
1220201206, 011801, 004831,  149.2,  17.65,
1230200917, 021601, 010719,    4.0,  25.04,
1230200915, 021601, 010545,   23.9,  16.89,
1230200913, 021601, 010359,   44.1,  12.44,
1230200911, 021601, 010229,   75.4,  31.46,
1230200909, 021601, 010104,   98.8,  21.14,
1230200907, 021601, 005935,  121.2,  14.74,
1230200905, 021601, 005758,  150.1,   7.70,
1240201212, 032201, 125709,    4.0,  20.01,
1240201211, 032201, 125524,   24.4,  23.50,
1240201210, 032201, 125358,   44.4,  27.19,
1240201209, 032201, 125207,   74.7,  36.33,
1240201208, 032201, 125038,   99.6,  35.82,
1240201206, 032201, 124834,  123.5,  26.24,
1240201205, 032201, 124651,  150.4,  18.71,
1240201204, 032201, 124454,  175.0,  12.06,
1250201211, 041901, 005013,    3.9,  28.49,
1250201210, 041901, 004901,   23.3,  30.62,
1250201209, 041901, 004745,   44.8,  38.46,
1250201208, 041901, 004626,   74.2,  33.56,
1250201207, 041901, 004512,   98.6,  37.09,
1250201206, 041901, 004402,  122.8,  31.85,
1250201205, 041901, 004245,  149.7,  25.13,
1260201310, 051801, 004719,    4.4,  22.79,
1260201309, 051801, 004604,   24.4,  31.76,
1260201308, 051801, 004509,   44.1,  29.26,
1260201307, 051801, 004404,   74.3,  32.06,
1260201306, 051801, 004259,   99.1,  25.92,
1260201305, 051801, 004119,  150.1,  22.17,
1270201218, 061501, 004938,    4.3,  20.69,
1270201216, 061501, 004801,   24.6,  31.49,
1270201214, 061501, 004640,   45.3,  32.65,
1270201212, 061501, 004458,   74.8,  36.45,
1270201210, 061501, 004321,   99.2,  36.89,
1270201208, 061501, 004157,  124.3,  27.13,
1270201206, 061501, 004045,  148.2,  22.09,
1280201012, 071201, 004746,    4.7,  23.59,
1280201011, 071201, 004615,   23.9,  40.64,
1280201010, 071201, 004456,   43.8,  51.69,
1280201009, 071201, 004337,   75.4,  40.21,
1280201008, 071201, 004224,  100.1,  34.63,
1280201007, 071201, 004108,  124.8,  33.68,
1280201006, 071201, 004001,  149.9,  20.39,
1290200420, 080701, 222633,    4.5,  21.57,
1290200418, 080701, 222436,   24.3,  23.89,
1290200417, 080701, 222318,   44.0,  36.66,
1290200414, 080701, 222043,   74.0,  28.18,
1290200412, 080701, 221854,   99.8,  31.05,
1290200410, 080701, 221728,  124.2,  11.33,
1290200408, 080701, 221600,  149.5,   7.43,
1300201211, 100301, 004620,    5.2,  23.61,
1300201210, 100301, 004445,   25.3,  30.59,
1300201209, 100301, 004330,   44.4,  32.86,
1300201208, 100301, 004110,   76.1,  32.78,
1300201207, 100301, 004000,  100.4,  29.91,
1300201206, 100301, 003845,  125.3,  17.53,
1300201205, 100301, 003730,  149.4,  10.80,
1310201212, 102401, 004929,    5.0,  33.59,
1310201210, 102401, 004759,   25.3,  41.45,
1310201209, 102401, 004629,   44.3,  50.95,
1310201208, 102401, 004459,   75.0,  30.28,
1310201207, 102401, 004339,   99.4,  21.54,
1310201206, 102401, 004209,  125.2,  12.88,
1310201205, 102401, 004039,  154.3,   8.88,
1320201212, 111801, 004734,    4.8,  28.89,
1320201211, 111801, 004619,   24.6,  31.02,
1320201210, 111801, 004514,   44.6,  40.83,
1320201209, 111801, 004359,   75.3,  34.39,
1320201208, 111801, 004245,   99.3,  17.15,
1320201207, 111801, 004122,  123.8,   8.99,
1320201206, 111801, 003959,  149.8,   8.04,
1330200414, 121501, 150138,    4.5,  24.70,
1330200412, 121501, 145943,   24.8,  33.53,
1330200411, 121501, 145818,   44.7,  28.49,
1330200410, 121501, 145628,   75.2,  26.64,
1330200409, 121501, 145453,  100.0,  26.60,
1330200407, 121501, 145313,  125.2,  22.25,
1330200406, 121501, 145123,  149.9,  11.65,
1340201211, 011702, 004847,    4.0,  27.41,
1340201210, 011702, 004722,   24.5,  28.60,
1340201209, 011702, 004602,   45.6,  29.01,
1340201208, 011702, 004451,   74.3,  28.56,
1340201207, 011702, 004341,   99.7,  27.03,
1340201206, 011702, 004241,  125.5,  25.59,
1340201205, 011702, 004136,  149.6,  15.52,
1350201218, 022202, 005554,    4.0,  17.53,
1350201215, 022202, 005339,   23.3,  19.37,
1350201213, 022202, 005155,   44.5,  22.51,
1350201211, 022202, 004930,   73.9,  20.03,
1350201210, 022202, 004800,   99.9,  17.05,
1350201209, 022202, 004626,  124.4,  15.12,
1350201208, 022202, 004456,  149.4,   7.47,
1360201312, 031402, 004737,    4.2,  18.23,
1360201311, 031402, 004637,   24.4,  27.21,
1360201310, 031402, 004537,   44.9,  31.64,
1360201309, 031402, 004412,   73.7,  28.69,
1360201308, 031402, 004252,   99.5,  24.48,
1360201307, 031402, 004147,  123.7,  21.16,
1360201306, 031402, 004027,  150.1,  18.04,
1370201212, 052202, 005455,    4.6,  27.61,
1370201211, 052202, 005345,   24.8,  28.61,
1370201210, 052202, 005225,   44.6,  49.75,
1370201209, 052202, 005036,   74.7,  39.59,
1370201208, 052202, 004856,  100.1,  39.66,
1370201207, 052202, 004716,  123.9,  41.44,
1370201206, 052202, 004536,  149.0,  17.42,
1380200623, 063002, 040306,    4.2,  29.10,
1380200621, 063002, 040121,   24.2,  36.23,
1380200619, 063002, 035956,   44.1,  43.88,
1380200615, 063002, 035706,   76.5,  30.93,
1380200613, 063002, 035536,   98.3,  33.99,
1380200611, 063002, 035402,  124.3,  22.39,
1380200609, 063002, 035217,  148.9,  13.85,
1390201211, 082902, 020804,    5.1,  19.58,
1390201210, 082902, 020644,   25.1,  21.07,
1390201209, 082902, 020524,   45.3,  31.19,
1390201208, 082902, 020404,   73.3,  32.83,
1390201207, 082902, 020244,  100.1,  18.65,
1390201206, 082902, 020134,  123.4,  18.64,
1390201205, 082902, 020009,  149.5,   1.98,
1400201216, 100802, 010759,    6.5,  20.39,
1400201214, 100802, 010545,   25.9,  25.29,
1400201213, 100802, 010415,   44.2,  30.77,
1400201211, 100802, 010114,   99.7,  12.06,
1400201210, 100802, 005954,  124.4,   6.51,
1400201208, 100802, 005734,  152.2,   2.41,
1410201211, 110502, 005443,    4.9,  18.20,
1410201210, 110502, 005343,   24.7,  24.72,
1410201209, 110502, 005243,   45.1,  26.49,
1410201208, 110502, 005133,   74.4,  21.96,
1410201207, 110502, 005034,  100.7,  16.29,
1410201206, 110502, 004923,  125.2,   8.81,
1410201205, 110502, 004818,  150.1,   4.78,
1420201111, 112602, 012106,    3.7,  19.10,
1420201110, 112602, 011950,   24.7,  23.10,
1420201109, 112602, 011830,   44.9,  25.89,
1420201108, 112602, 011656,   75.0,  13.17,
1420201107, 112602, 011525,   99.9,   9.50,
1420201106, 112602, 011326,  122.6,   7.05,
1420201105, 112602, 011145,  148.6,   4.29,
1430201217, 122002, 041644,    5.5,  13.73,
1430201213, 122002, 041453,   25.1,  16.75,
1430201212, 122002, 041329,   47.7,  16.03,
1430201211, 122002, 041144,   74.9,  15.88,
1430201207, 122002, 040959,   98.1,  16.26,
1430201206, 122002, 040829,  124.6,   7.63,
1430201205, 122002, 040714,  151.7,   6.27,
1440201111, 011803, 013415,    3.0,  26.33,
1440201110, 011803, 013250,   25.0,  20.53,
1440201109, 011803, 013120,   44.0,  24.58,
1440201108, 011803, 012945,   74.7,  35.27,
1440201107, 011803, 012800,  100.2,  19.88,
1440201106, 011803, 012631,  124.5,  20.19,
1440201105, 011803, 012500,  149.0,   6.77,
1450201211, 022703, 005454,    4.3,  11.80,
1450201210, 022703, 005354,   24.7,  18.12,
1450201209, 022703, 005253,   43.5,  15.38,
1450201208, 022703, 005144,   73.7,  17.87,
1450201207, 022703, 005024,   99.2,  17.94,
1450201206, 022703, 004914,  124.9,  18.87,
1450201205, 022703, 004749,  148.7,   8.77,
1460201211, 033003, 012047,    8.8,  29.10,
1460201210, 033003, 011907,   24.0,  38.30,
1460201209, 033003, 011727,   45.0,  35.72,
1460201208, 033003, 011527,   74.6,  31.21,
1460201207, 033003, 011327,  100.9,  27.82,
1460201206, 033003, 011137,  125.8,  20.25,
1460201205, 033003, 010917,  151.3,  10.64,
1470201211, 042503, 010035,    4.6,  33.43,
1470201210, 042503, 005905,   24.8,  30.08,
1470201209, 042503, 005735,   44.5,  37.23,
1470201208, 042503, 005605,   74.1,  35.55,
1470201207, 042503, 005425,   98.7,  28.21,
1470201206, 042503, 005245,  129.7,  34.29,
1470201205, 042503, 005115,  147.9,  20.33,
1480201219, 052203, 005222,    4.0,  14.93,
1480201210, 052203, 004921,   25.6,  12.54,
1480201209, 052203, 004742,   43.7,  23.08,
1480201208, 052203, 004617,   74.9,  14.52,
1480201207, 052203, 004452,   99.3,  19.18,
1480201206, 052203, 004332,  125.7,  10.29,
1480201205, 052203, 004208,  149.4,   4.76,
1490201211, 062103, 005002,    4.5,  18.20,
1490201210, 062103, 004831,   25.1,  22.37,
1490201209, 062103, 004700,   45.4,  24.32,
1490201208, 062103, 004531,   74.9,  20.98,
1490201207, 062103, 004401,   99.6,  18.46,
1490201206, 062103, 004232,  124.9,  19.67,
1490201205, 062103, 004101,  149.7,  12.13,
1500201211, 072103, 004900,    4.5,  22.70,
1500201210, 072103, 004715,   24.5,  26.73,
1500201209, 072103, 004610,   45.8,  35.47,
1500201208, 072103, 004500,   74.1,  37.32,
1500201207, 072103, 004350,   99.9,  32.54,
1500201206, 072103, 004232,  126.2,  22.65,
1500201205, 072103, 004055,  150.2,  14.68,
1510201211, 082203, 011818,    4.9,  14.20,
1510201210, 082203, 011631,   25.1,  27.22,
1510201209, 082203, 011459,   44.7,  28.07,
1510201208, 082203, 011312,   75.6,  36.62,
1510201207, 082203, 011144,   99.6,  24.76,
1510201206, 082203, 011019,  123.8,  20.54,
1510201205, 082203, 010839,  149.9,  11.16,
1520201215, 101603, 012553,    5.5,  29.46,
1520201213, 101603, 012419,   24.9,  34.49,
1520201212, 101603, 012253,   43.9,  31.67,
1520201210, 101603, 012118,   74.9,  37.77,
1520201209, 101603, 012000,   99.2,  22.19,
1520201207, 101603, 011806,  125.3,  14.26,
1520201206, 101603, 011634,  150.5,   9.33,
1530201211, 111103, 012438,    8.5,  15.94,
1530201210, 111103, 012153,   25.7,  23.48,
1530201209, 111103, 012033,   46.5,  20.07,
1530201208, 111103, 011853,   75.4,  27.40,
1530201207, 111103, 011638,  102.1,  12.71,
1530201206, 111103, 011448,  125.7,   9.54,
1530201205, 111103, 011323,  150.6,   4.41,
1540201116, 122103, 023118,    8.2,  31.80,
1540201114, 122103, 022507,   24.5,  30.68,
1540201112, 122103, 022324,   43.4,  30.67,
1540201110, 122103, 022112,   74.1,  31.95,
1540201108, 122103, 021908,   99.2,  36.17,
1540201106, 122103, 021708,  122.9,  12.33,
1540201105, 122103, 021543,  149.1,   7.52,
1550201211, 012304, 012522,    4.9,  34.90,
1550201210, 012304, 012357,   24.1,  35.37,
1550201209, 012304, 012252,   44.0,  29.90,
1550201208, 012304, 012137,   75.6,  33.80,
1550201207, 012304, 012012,   99.3,  22.09,
1550201206, 012304, 011902,  123.9,  12.65,
1550201205, 012304, 011737,  147.9,   9.00,
1560201211, 022604, 005545,    4.8,  24.52,
1560201210, 022604, 005443,   23.6,  20.45,
1560201209, 022604, 005313,   43.8,  19.52,
1560201208, 022604, 005208,   74.2,  19.16,
1560201207, 022604, 005058,   98.1,  16.82,
1560201206, 022604, 004948,  124.0,  12.42,
1560201205, 022604, 004848,  149.0,   5.45,
1570201211, 032104, 012346,    8.5,  34.98,
1570201210, 032104, 012144,   24.3,  25.46,
1570201209, 032104, 012030,   46.2,  32.13,
1570201208, 032104, 011854,   69.8,  24.40,
1570201207, 032104, 011530,   99.8,  31.85,
1570201206, 032104, 011410,  122.6,  27.99,
1570201205, 032104, 011250,  148.6,  10.93,
1580201211, 042204, 005645,    4.0,  19.57,
1580201210, 042204, 005511,   24.3,  26.35,
1580201209, 042204, 005330,   45.3,  25.19,
1580201208, 042204, 005144,   74.5,  30.86,
1580201207, 042204, 005005,   98.8,  25.34,
1580201206, 042204, 004810,  124.4,  17.08,
1580201205, 042204, 004624,  149.3,  13.61,
1590201211, 052004, 005029,    4.2,  15.57,
1590201210, 052004, 004849,   24.1,  23.93,
1590201209, 052004, 004724,   44.4,  26.69,
1590201208, 052004, 004525,   74.2,  24.65,
1590201207, 052004, 004359,   99.3,  23.22,
1590201206, 052004, 004214,  124.5,  14.01,
1590201205, 052004, 004049,  149.7,   9.73,
1600201311, 061704, 004630,    3.6,  21.79,
1600201310, 061704, 004527,   23.9,  26.61,
1600201309, 061704, 004423,   43.2,  26.77,
1600201308, 061704, 004312,   73.8,  24.11,
1600201307, 061704, 004205,   99.3,  17.28,
1600201306, 061704, 004104,  124.0,  12.86,
1600201305, 061704, 003916,  149.2,   7.74,
1610200424, 071404, 015243,    4.9,  24.34,
1610200421, 071404, 015054,   24.8,  20.72,
1610200416, 071404, 014824,   42.7,  33.69,
1610200415, 071404, 014703,   74.8,  27.58,
1610200412, 071404, 014514,  100.1,  22.45,
1610200409, 071404, 014314,  125.8,  10.30,
1610200406, 071404, 014123,  149.4,   5.32,
1620200818, 081604, 232016,    4.7,  22.71,
1620200816, 081604, 231910,   24.4,  25.14,
1620200814, 081604, 231805,   44.6,  32.56,
1620200812, 081604, 231651,   75.0,  15.79,
1620200810, 081604, 231530,   99.4,  28.69,
1620200808, 081604, 231415,  123.6,   9.57,
1620200806, 081604, 231307,  149.0,   8.73,
1630201311, 093004, 004753,    4.9,  21.09,
1630201310, 093004, 004624,   24.6,  25.49,
1630201309, 093004, 004453,   44.8,  30.03,
1630201308, 093004, 004323,   74.5,  28.90,
1630201307, 093004, 004153,   99.7,  34.20,
1630201306, 093004, 004033,  125.0,  16.63,
1630201305, 093004, 003913,  149.0,   9.99,
1640201218, 110104, 010036,    4.5,  29.18,
1640201216, 110104, 005905,   24.6,  31.13,
1640201214, 110104, 005735,   44.0,  31.64,
1640201212, 110104, 005555,   73.5,  34.49,
1640201210, 110104, 005416,   98.9,   9.98,
1640201208, 110104, 005222,  123.6,   9.62,
1640201206, 110104, 005042,  149.0,   3.62,
1650200516, 112804, 005603,    4.9,  21.30,
1650200513, 112804, 005354,   25.2,  31.08,
1650200512, 112804, 005222,   44.0,  33.83,
1650200511, 112804, 005023,   75.4,  33.55,
1650200507, 112804, 004705,  100.0,  27.51,
1650200506, 112804, 004448,  125.6,  13.05,
1650200505, 112804, 004303,  150.3,   6.33,
1660200611, 122104, 005348,    3.9,  37.19,
1660200610, 122104, 005233,   24.5,  38.31,
1660200609, 122104, 005131,   44.5,  40.15,
1660200608, 122104, 005008,   74.1,  31.69,
1660200607, 122104, 004858,   98.5,  18.57,
1660200606, 122104, 004748,  123.7,  10.49,
1660200605, 122104, 004618,  149.4,   7.30,
1670200511, 020205, 005347,    5.1,  28.62,
1670200510, 020205, 005231,   24.8,  27.07,
1670200509, 020205, 005122,   44.0,  27.81,
1670200508, 020205, 004937,   74.2,  19.62,
1670200507, 020205, 004813,  100.0,  15.12,
1670200506, 020205, 004651,  125.0,   6.89,
1670200505, 020205, 004507,  150.6,   6.56,
1680200514, 030505, 011111,    4.8,  32.03,
1680200510, 030505, 010920,   25.1,  37.54,
1680200509, 030505, 010745,   44.9,  36.35,
1680200508, 030505, 010610,   75.1,  33.96,
1680200507, 030505, 010431,   99.9,  21.70,
1680200506, 030505, 010245,  126.3,  16.65,
1680200505, 030505, 010118,  150.5,   8.29,
1690201016, 051905, 010803,    7.6,  27.99,
1690201015, 051905, 010425,   24.1,  38.86,
1690201014, 051905, 010152,   44.0,  35.77,
1690201013, 051905, 005938,   75.0,  42.43,
1690201010, 051905, 005648,  100.2,  30.77,
1690201008, 051905, 005438,  123.9,  24.97,
1690201006, 051905, 005233,  149.0,  21.80,
1700200519, 061505, 011110,   13.5,  30.41,
1700200518, 061505, 010933,   24.8,  31.41,
1700200514, 061505, 010541,   43.7,  46.94,
1700200512, 061505, 010248,   74.4,  41.18,
1700200511, 061505, 010102,  100.1,  40.14,
1700200509, 061505, 005717,  123.5,  21.87,
1700200507, 061505, 005525,  150.7,   9.54,
1710200616, 071705, 012402,    4.7,  20.18,
1710200615, 071705, 012252,   25.2,  28.35,
1710200614, 071705, 012132,   45.4,  31.08,
1710200613, 071705, 011951,   75.3,  27.56,
1710200612, 071705, 011822,  100.2,  18.74,
1710200611, 071705, 011651,  125.0,  21.47,
1710200610, 071705, 011521,  149.8,   9.32,
1720200517, 081405, 005119,    4.5,  16.23,
1720200515, 081405, 004958,   25.0,  28.84,
1720200513, 081405, 004846,   44.5,  28.23,
1720200510, 081405, 004718,   75.0,  33.41,
1720200508, 081405, 004601,  100.6,  32.13,
1720200506, 081405, 004331,  124.5,  15.25,
1720200505, 081405, 004226,  149.8,  11.83,
1730200521, 091005, 005603,    8.9,  26.81,
1730200519, 091005, 005353,   26.2,  29.55,
1730200517, 091005, 005245,   45.1,  42.37,
1730200514, 091005, 005113,   74.5,  23.05,
1730200511, 091005, 004953,   99.5,  15.40,
1730200508, 091005, 004733,  124.3,  12.07,
1730200507, 091005, 004628,  148.9,   6.09,
1740201311, 100905, 100613,    8.0,  14.50,
1740201310, 100905, 100333,   25.5,  16.44,
1740201309, 100905, 100059,   46.0,  21.24,
1740201308, 100905, 095935,   75.0,  14.39,
1740201307, 100905, 095814,  100.5,  21.92,
1740201306, 100905, 095634,  124.9,   9.65,
1740201305, 100905, 095508,  149.2,   5.58,
1750201824, 111305, 130726,    8.8,  41.04,
1750201823, 111305, 130511,   23.8,  42.77,
1750201811, 111305, 130151,   43.9,  33.96,
1750201810, 111305, 130021,   74.9,  33.47,
1750201809, 111305, 125850,   98.7,  30.61,
1750201808, 111305, 125701,  123.4,  20.75,
1750201807, 111305, 125542,  149.0,  10.10,
1760200518, 121305, 005551,    5.6,  27.50,
1760200516, 121305, 005401,   25.9,  24.75,
1760200514, 121305, 005231,   45.2,  19.09,
1760200512, 121305, 005032,   75.5,  23.78,
1760200510, 121305, 004826,  101.6,  25.28,
1760200508, 121305, 004631,  125.2,  13.26,
1760200506, 121305, 004451,  150.8,   7.10,
1770200221, 012506, 085329,    6.1,  26.93,
1770200213, 012506, 084710,   44.9,  30.10,
1770200210, 012506, 084439,   77.7,  24.27,
1770200207, 012506, 084240,  101.6,  29.46,
1770200204, 012506, 084016,  122.2,  18.76,
1770200203, 012506, 083829,  150.0,  20.68,
1780200623, 021506, 011331,    6.8,  29.97,
1780200622, 021506, 011043,   25.7,  22.57,
1780200610, 021506, 010644,   44.1,  24.12,
1780200609, 021506, 010443,   73.1,  19.69,
1780200608, 021506, 010319,  100.6,  27.00,
1780200607, 021506, 010148,  123.7,   9.45,
1780200606, 021506, 005954,  148.8,   4.52,
1790200811, 031006, 005518,    4.6,  29.69,
1790200810, 031006, 005323,   27.0,  22.29,
1790200809, 031006, 005153,   44.5,  23.84,
1790200808, 031006, 005033,   74.6,  19.41,
1790200807, 031006, 004913,   99.5,  22.91,
1790200806, 031006, 004732,  124.0,  22.67,
1790200805, 031006, 004607,  148.0,  10.36,
1800200519, 040206, 015627,    8.7,  34.97,
1800200518, 040206, 015317,   26.0,  44.67,
1800200517, 040206, 015128,   45.1,  36.47,
1800200516, 040206, 014937,   75.4,  37.89,
1800200514, 040206, 014758,   99.4,  23.33,
1800200512, 040206, 014548,  124.6,  15.94,
1800200510, 040206, 014352,  148.7,  13.70,
1810200622, 052706, 010438,    7.8,  18.43,
1810200621, 052706, 010204,   25.4,  19.71,
1810200619, 052706, 010033,   44.7,  31.91,
1810200618, 052706, 005913,   75.2,  33.71,
1810200615, 052706, 005738,  100.4,  27.85,
1810200613, 052706, 005624,  125.3,  12.79,
1810200610, 052706, 005503,  150.4,  12.62,
1820200519, 061406, 010007,    7.4,  31.97,
1820200518, 061406, 005703,   25.5,  24.84,
1820200517, 061406, 005554,   44.8,  38.00,
1820200516, 061406, 005423,   74.3,  41.99,
1820200514, 061406, 005243,  101.1,  36.01,
1820200512, 061406, 005133,  124.2,  20.22,
1820200510, 061406, 005013,  151.2,  10.24,
1830200619, 071306, 015808,    7.0,  19.68,
1830200618, 071306, 015359,   24.3,  30.22,
1830200617, 071306, 015159,   44.1,  39.70,
1830200616, 071306, 015023,   74.5,  37.59,
1830200614, 071306, 014833,  100.1,  26.14,
1830200612, 071306, 014700,  124.8,  25.21,
1830200610, 071306, 014429,  149.4,  11.46,
1840200620, 080906, 014737,    5.2,  31.30,
1840200619, 080906, 014536,   25.9,  12.42,
1840200618, 080906, 014349,   44.9,  33.67,
1840200617, 080906, 014142,   74.5,  44.76,
1840200615, 080906, 013947,   99.9,  20.43,
1840200613, 080906, 013727,  125.3,  21.77,
1840200611, 080906, 013524,  150.3,  11.03,
1850200524, 091606, 005642,    5.6,  36.19,
1850200523, 091606, 005524,   26.0,  49.39,
1850200522, 091606, 005413,   45.2,  36.62,
1850200521, 091606, 005242,   75.7,  43.19,
1850200519, 091606, 005105,  100.2,  29.22,
1850200517, 091606, 004939,  124.9,   9.50,
1850200515, 091606, 004817,  151.3,   8.97,
1860201424, 102106, 010325,    7.7,  27.48,
1860201423, 102106, 010114,   24.4,  19.77,
1860201422, 102106, 005909,   45.3,  29.32,
1860201419, 102106, 005654,   76.3,  11.74,
1860201416, 102106, 005309,  100.9,  17.60,
1860201414, 102106, 005136,  125.3,   7.56,
1860201412, 102106, 005013,  148.9,   9.68,
1870200524, 110906, 015138,    9.0,  33.61,
1870200523, 110906, 014803,   24.8,  44.39,
1870200522, 110906, 014633,   45.9,  29.14,
1870200521, 110906, 014439,   75.4,  38.92,
1870200519, 110906, 014243,   99.5,  38.64,
1870200517, 110906, 014053,  126.7,   9.69,
1870200515, 110906, 013853,  148.8,   9.81,
1880200524, 121006, 011023,    7.5,  17.83,
1880200523, 121006, 010838,   27.5,  16.66,
1880200522, 121006, 010609,   46.9,  25.97,
1880200521, 121006, 010439,   75.0,  13.08,
1880200519, 121006, 010307,  100.5,  22.49,
1880200517, 121006, 010140,  123.2,   9.91,
1880200515, 121006, 010008,  150.7,   5.86,
1890200624, 020707, 010658,    4.7,   7.46,
1890200623, 020707, 010441,   24.4,  10.95,
1890200622, 020707, 010230,   45.2,  13.25,
1890200621, 020707, 010030,   75.4,  11.48,
1890200619, 020707, 005739,   99.5,  10.78,
1890200617, 020707, 005504,  123.7,   9.06,
1890200615, 020707, 005239,  149.5,   1.81,
1900200620, 032107, 005550,    5.7,  24.01,
1900200619, 032107, 005425,   24.7,  22.57,
1900200618, 032107, 005311,   44.6,  38.79,
1900200617, 032107, 005149,   74.8,  29.56,
1900200615, 032107, 005029,  100.7,  14.95,
1900200613, 032107, 004850,  125.8,  13.65,
1900200611, 032107, 004713,  149.9,  22.66,
1910200621, 050507, 015023,    7.1,  34.07,
1910200619, 050507, 014658,   24.4,  29.25,
1910200618, 050507, 014505,   44.7,  19.99,
1910200617, 050507, 014253,   73.4,  37.66,
1910200615, 050507, 014038,   99.8,  21.44,
1910200613, 050507, 013825,  125.3,  19.08,
1910200611, 050507, 013544,  150.1,  12.85,
1920200520, 061007, 031734,    7.2,  40.14,
1920200519, 061007, 031324,   25.7,  37.08,
1920200518, 061007, 031123,   45.4,  43.22,
1920200517, 061007, 030913,   75.4,  34.89,
1920200515, 061007, 030654,  101.1,  36.71,
1920200513, 061007, 030422,  125.3,  28.65,
1920200511, 061007, 030149,  151.2,  27.85,
1930200320, 070807, 010122,    6.7,  33.60,
1930200319, 070807, 005831,   25.3,  27.13,
1930200318, 070807, 005546,   46.3,  25.28,
1930200317, 070807, 005346,   76.0,  32.75,
1930200315, 070807, 005151,  100.3,  21.39,
1930200313, 070807, 005016,  124.4,  19.96,
1930200311, 070807, 004841,  150.2,  13.90,
1940200521, 080407, 013157,    5.5,  34.56,
1940200520, 080407, 012932,   24.1,  21.61,
1940200518, 080407, 012718,   44.6,  40.62,
1940200517, 080407, 012528,   76.2,  37.33,
1940200515, 080407, 012332,  100.2,  40.02,
1940200513, 080407, 012132,  125.9,  18.61,
1940200511, 080407, 011942,  149.4,  15.16,
1950200524, 090307, 010832,    5.8,  17.05,
1950200523, 090307, 010337,   27.2,  17.34,
1950200522, 090307, 010152,   45.4,  21.35,
1950200521, 090307, 005952,   75.5,  16.99,
1950200519, 090307, 005754,  101.0,  13.69,
1950200517, 090307, 005602,  126.1,   4.55,
1950200515, 090307, 005432,  150.5,   2.09,
1960201324, 100407, 005857,    5.3,  28.39,
1960201323, 100407, 005742,   25.3,  31.65,
1960201322, 100407, 005634,   45.5,  38.42,
1960201321, 100407, 005457,   75.0,  36.12,
1960201319, 100407, 005332,  100.3,  28.01,
1960201317, 100407, 005142,  125.1,  14.78,
1960201315, 100407, 004942,  149.4,   4.45,
1970201324, 120307, 021801,    5.9,  41.31,
1970201323, 120307, 021325,   26.0,  34.45,
1970201322, 120307, 021145,   48.4,  29.80,
1970201321, 120307, 020950,   75.4,  28.17,
1970201319, 120307, 020740,  100.9,  22.02,
1970201317, 120307, 020540,  127.3,   9.27,
1970201315, 120307, 020335,  150.9,   4.83,
1980201420, 122207, 010907,    7.7,  29.11,
1980201419, 122207, 010647,   27.5,  31.06,
1980201418, 122207, 010436,   46.5,  28.81,
1980201417, 122207, 010304,   75.0,  46.18,
1980201415, 122207, 010124,   98.6,  29.32,
1980201413, 122207, 005942,  124.5,  18.37,
1980201411, 122207, 005731,  149.9,  11.32,
1990201323, 013108, 011215,    7.8,  28.91,
1990201322, 013108, 011031,   23.7,  25.74,
1990201321, 013108, 010736,   45.3,  22.16,
1990201320, 013108, 010508,   72.9,  21.69,
1990201318, 013108, 010221,   98.7,  25.34,
1990201316, 013108, 005943,  123.0,   8.32,
1990201314, 013108, 005721,  149.7,   6.33,
2000201320, 022508, 010834,    7.4,  42.49,
2000201319, 022508, 010531,   25.7,  30.19,
2000201318, 022508, 010340,   46.1,  34.45,
2000201317, 022508, 010150,   75.4,  15.48,
2000201315, 022508, 010000,  100.6,  32.26,
2000201313, 022508, 005806,  125.3,  10.67,
2000201311, 022508, 005555,  149.5,   4.69,
2010201324, 052908, 010818,    6.9,  27.29,
2010201323, 052908, 010524,   25.9,  41.86,
2010201322, 052908, 010349,   45.1,  49.49,
2010201321, 052908, 010214,   75.4,  34.82,
2010201320, 052908, 010048,  100.8,  30.23,
2010201319, 052908, 005918,  125.5,  19.86,
2010201318, 052908, 005748,  151.8,  18.63,
2020201324, 062708, 011302,    6.3,  18.43,
2020201323, 062708, 011035,   23.8,  17.39,
2020201322, 062708, 010749,   45.0,  33.65,
2020201321, 062708, 010602,   74.3,  19.71,
2020201320, 062708, 010426,   99.1,  35.66,
2020201319, 062708, 010221,  124.1,  25.64,
2020201318, 062708, 010046,  149.7,   7.87,
2030201424, 072808, 011626,    6.0,  17.74,
2030201423, 072808, 011305,   25.1,  24.37,
2030201422, 072808, 011110,   44.9,  36.24,
2030201421, 072808, 010855,   74.6,  24.08,
2030201420, 072808, 010615,   99.8,  16.02,
2030201419, 072808, 010345,  124.4,  18.05,
2030201418, 072808, 010105,  149.8,   6.78,
2040201324, 081808, 011551,    6.9,  34.04,
2040201323, 081808, 011301,   25.9,  30.61,
2040201322, 081808, 011106,   45.7,  48.01,
2040201321, 081808, 010911,   74.8,  38.91,
2040201320, 081808, 010726,  100.4,  35.37,
2040201319, 081808, 010541,  126.4,  22.71,
2040201318, 081808, 010356,  150.4,  14.69,
2050201324, 101208, 011526,    6.3,  48.08,
2050201323, 101208, 011050,   25.2,  46.93,
2050201322, 101208, 010906,   43.9,  48.00,
2050201321, 101208, 010725,   75.1,  42.18,
2050201320, 101208, 010515,   99.8,  37.41,
2050201319, 101208, 010321,  125.8,  13.72,
2050201318, 101208, 010106,  149.9,  12.59,
2060201224, 120208, 013657,    6.0,  45.26,
2060201223, 120208, 013322,   25.8,  48.71,
2060201222, 120208, 013123,   45.2,  42.74,
2060201221, 120208, 012848,   75.3,  39.27,
2060201220, 120208, 012618,   99.4,  28.31,
2060201219, 120208, 012400,  124.4,  18.66,
2060201218, 120208, 012243,  149.8,   7.26,
2080201224, 012209, 031802,    7.0,  23.88,
2080201223, 012209, 031437,   24.4,  24.16,
2080201222, 012209, 031247,   44.6,  24.96,
2080201221, 012209, 031031,   75.6,  25.37,
2080201220, 012209, 030832,   99.6,  21.68,
2080201219, 012209, 030622,  124.5,  14.16,
2080201218, 012209, 030337,  149.7,  12.04,
2090201324, 021909, 011009,    7.4,  27.34,
2090201323, 021909, 010711,   25.3,  29.71,
2090201322, 021909, 010551,   44.9,  26.66,
2090201321, 021909, 010436,   74.5,  32.97,
2090201320, 021909, 010326,  100.0,  33.20,
2090201319, 021909, 010213,  125.4,  13.61,
2090201318, 021909, 010059,  150.5,   7.02,
2100201324, 043009, 011652,    5.4,  26.39,
2100201323, 043009, 011458,   24.7,  27.47,
2100201322, 043009, 011328,   44.4,  42.49,
2100201321, 043009, 011128,   74.9,  29.94,
2100201320, 043009, 010938,  100.0,  31.74,
2100201319, 043009, 010753,  124.9,  21.12,
2100201318, 043009, 010628,  150.4,  18.67,
2110201321, 052909, 014412,    5.0,  27.69,
2110201319, 052909, 014156,   25.5,  27.50,
2110201317, 052909, 013945,   45.4,  36.05,
2110201315, 052909, 013711,   75.7,  32.74,
2110201313, 052909, 013456,  100.3,  30.18,
2110201311, 052909, 013242,  126.0,  24.38,
2110201310, 052909, 013057,  152.2,  13.51,
2120201424, 070509, 015343,    6.7,  20.76,
2120201423, 070509, 015031,   25.0,  17.38,
2120201422, 070509, 014856,   45.2,  34.33,
2120201421, 070509, 014701,   75.1,  43.36,
2120201420, 070509, 014412,  100.3,  30.64,
2120201419, 070509, 014147,  124.1,  22.83,
2120201418, 070509, 013948,  148.9,  13.52,
2130200924, 072609, 014011,    5.8,  33.08,
2130200923, 072609, 013646,   25.0,  38.32,
2130200922, 072609, 013503,   44.5,  48.16,
2130200921, 072609, 013236,   74.4,  46.70,
2130200920, 072609, 013051,   99.5,  33.80,
2130200919, 072609, 012856,  124.1,  32.00,
2130200918, 072609, 012546,  150.1,  12.64,
2140201324, 082009, 020054,    4.7,  41.57,
2140201323, 082009, 015853,   25.1,  47.62,
2140201322, 082009, 015559,   45.3,  73.38,
2140201321, 082009, 015314,   75.3,  43.00,
2140201320, 082009, 015044,   98.9,  23.11,
2140201319, 082009, 014915,  125.6,  11.04,
2140201318, 082009, 014700,  148.9,  13.94,
2150201424, 092609, 010933,    4.9,  26.95,
2150201423, 092609, 010804,   24.4,  27.86,
2150201422, 092609, 010638,   44.9,  24.62,
2150201421, 092609, 010513,   73.9,  27.10,
2150201420, 092609, 010323,   98.7,  21.61,
2150201419, 092609, 010155,  124.1,   9.75,
2150201418, 092609, 010043,  150.6,   4.25,
2160201324, 110509, 010812,    4.8,  27.38,
2160201323, 110509, 010656,   24.4,  33.11,
2160201322, 110509, 010532,   44.1,  26.30,
2160201321, 110509, 010341,   77.4,  31.79,
2160201320, 110509, 010142,   99.8,  21.77,
2160201319, 110509, 005947,  123.6,  14.35,
2160201318, 110509, 005827,  150.5,   3.86,
2170201424, 121109, 005913,    4.6,  16.50,
2170201423, 121109, 005800,   25.0,  26.02,
2170201422, 121109, 005648,   44.9,  22.39,
2170201421, 121109, 005511,   75.8,  29.87,
2170201420, 121109, 005354,   99.1,  21.56,
2170201419, 121109, 005237,  124.6,   7.47,
2170201418, 121109, 005114,  149.8,   7.22,
2190200622, 031010, 212254,    4.4,  19.70,
2190200620, 031010, 212134,   15.5,  18.84,
2190200619, 031010, 212046,   25.4,  20.37,
2190200615, 031010, 211047,   74.5,  32.82,
2190200612, 031010, 210652,  100.9,  21.93,
2190200611, 031010, 210523,  125.0,  22.98,
2190200610, 031010, 210352,  150.5,   8.14,
2200201324, 040810, 011750,    5.3,  18.22,
2200201323, 040810, 011629,   24.9,  26.21,
2200201322, 040810, 011516,   44.9,  30.20,
2200201321, 040810, 011351,   75.1,  37.82,
2200201320, 040810, 011220,  100.2,  33.62,
2200201319, 040810, 011100,  126.3,  24.39,
2200201318, 040810, 010930,  152.7,   9.51,
2210201424, 052010, 005755,    4.5,  29.51,
2210201422, 052010, 005529,   24.3,  37.80,
2210201421, 052010, 005419,   45.2,  42.77,
2210201420, 052010, 005248,   74.9,  30.98,
2210201419, 052010, 005134,   98.5,  27.98,
2210201418, 052010, 005020,  125.0,  18.39,
2210201417, 052010, 004905,  149.5,  10.13,
2220201424, 061010, 011050,    5.6,  25.23,
2220201423, 061010, 010925,   25.2,  27.59,
2220201422, 061010, 010806,   45.7,  45.28,
2220201421, 061010, 010635,   75.7,  33.01,
2220201420, 061010, 010512,  101.2,  29.80,
2220201419, 061010, 010351,  127.1,  35.27,
2220201418, 061010, 010226,  151.8,  25.79,
2230201424, 071010, 015306,    7.4,  35.08,
2230201423, 071010, 014957,   26.0,  55.58,
2230201420, 071010, 014657,   45.3,  42.62,
2230201419, 071010, 014447,   74.9,  43.04,
2230201418, 071010, 014246,  100.3,  28.75,
2230201417, 071010, 014041,  125.9,  23.90,
2230201416, 071010, 013801,  150.5,  13.43,
2240201424, 080910, 013404,    6.2,  22.74,
2240201422, 080910, 012918,   25.3,  34.12,
2240201421, 080910, 012750,   44.8,  32.13,
2240201420, 080910, 012547,   75.5,  36.28,
2240201419, 080910, 012356,  101.1,  25.57,
2240201418, 080910, 012218,  125.4,  19.03,
2240201417, 080910, 012037,  150.7,  13.76,
2250201323, 090510, 010127,    4.8,  20.56,
2250201322, 090510, 005804,   25.4,  31.30,
2250201321, 090510, 005635,   45.4,  36.60,
2250201320, 090510, 005456,   74.4,  41.17,
2250201319, 090510, 005321,  100.4,  34.71,
2250201318, 090510, 005155,  125.5,  18.47,
2250201317, 090510, 005033,  149.7,  13.21,
2260201423, 100510, 011344,    5.8,  27.37,
2260201422, 100510, 011154,   25.2,  28.87,
2260201421, 100510, 011013,   46.2,  30.67,
2260201420, 100510, 010804,   75.4,  30.93,
2260201419, 100510, 010614,  100.0,  26.42,
2260201418, 100510, 010410,  124.9,  13.50,
2260201417, 100510, 010204,  150.1,  10.51,
2270200624, 112110, 234614,    5.5,  17.07,
2270200623, 112110, 234426,   25.0,  20.75,
2270200612, 112110, 234113,   44.7,  22.65,
2270200610, 112110, 233829,   74.9,  19.58,
2270200608, 112110, 233545,  100.8,  27.47,
2270200607, 112110, 233419,  124.7,  12.11,
2270200606, 112110, 233253,  149.4,   8.11,
2290201324, 013011, 021805,    6.3,  22.17,
2290201323, 013011, 021440,   24.7,  20.27,
2290201322, 013011, 021239,   45.1,  27.66,
2290201321, 013011, 021010,   73.4,  19.45,
2290201320, 013011, 020750,  100.5,  27.26,
2290201319, 013011, 020524,  124.1,  12.20,
2290201318, 013011, 020314,  150.4,   6.27,
2300201323, 030211, 012454,    6.6,  27.02,
2300201322, 030211, 012233,   25.2,  22.36,
2300201321, 030211, 012103,   45.0,  22.30,
2300201320, 030211, 011908,   74.7,  25.45,
2300201319, 030211, 011738,   99.1,  40.52,
2300201318, 030211, 011603,  126.7,  17.20,
2300201317, 030211, 011438,  150.3,   8.22,
2310201224, 041311, 021659,    7.3,  29.52,
2310201223, 041311, 021438,   25.1,  27.02,
2310201222, 041311, 021253,   46.5,  33.98,
2310201221, 041311, 021119,   74.7,  30.99,
2310201220, 041311, 020949,   99.7,  26.17,
2310201219, 041311, 020823,  126.2,  20.32,
2310201218, 041311, 020653,  149.5,   8.33,
2320201323, 051111, 010009,    4.7,  30.16,
2320201322, 051111, 005849,   25.2,  25.43,
2320201321, 051111, 005738,   44.4,  43.84,
2320201320, 051111, 005629,   74.1,  23.23,
2320201319, 051111, 005514,   98.6,  29.96,
2320201318, 051111, 005404,  126.0,  15.10,
2320201317, 051111, 005249,  150.6,  10.77,
2330201424, 072111, 012033,    5.1,  18.50,
2330201423, 072111, 011818,   24.8,  26.05,
2330201422, 072111, 011643,   45.0,  28.92,
2330201421, 072111, 011503,   74.8,  31.72,
2330201420, 072111, 011323,   99.6,  22.13,
2330201419, 072111, 011148,  124.6,  17.46,
2330201417, 072111, 011008,  149.3,  14.49,
2340200523, 083111, 041040,    6.0,  43.21,
2340200522, 083111, 040910,   25.4,  31.03,
2340200521, 083111, 040810,   45.1,  46.04,
2340200520, 083111, 040652,   74.6,  28.43,
2340200519, 083111, 040540,   99.8,  35.94,
2340200518, 083111, 040425,  124.4,  18.02,
2340200517, 083111, 040310,  149.6,  17.13,
2350200424, 092711, 071834,    5.5,  32.63,
2350200423, 092711, 071704,   25.2,  35.89,
2350200422, 092711, 071534,   45.7,  42.40,
2350200421, 092711, 071353,   75.1,  34.00,
2350200420, 092711, 071224,   99.7,  30.36,
2350200419, 092711, 071054,  125.6,  13.67,
2350200418, 092711, 070914,  151.1,  10.38,
2360201224, 110611, 005800,    5.4,  42.95,
2360201223, 110611, 005645,   25.1,  42.72,
2360201222, 110611, 005530,   45.3,  42.30,
2360201221, 110611, 005407,   75.5,  46.67,
2360201220, 110611, 005241,   99.8,  29.19,
2360201219, 110611, 005111,  124.8,  14.79,
2360201217, 110611, 004941,  150.0,   8.48,
2370201023, 113011, 025805,    7.3,  40.78,
2370201022, 113011, 025637,   23.6,  38.11,
2370201021, 113011, 025520,   45.8,  35.14,
2370201020, 113011, 025354,   75.7,  37.88,
2370201019, 113011, 025221,   99.5,  42.73,
2370201018, 113011, 025104,  126.3,  18.57,
2370201017, 113011, 024935,  150.5,  11.87,
2380201224, 122111, 001631,    6.0,  28.00,
2380201223, 122111, 001501,   25.6,  20.19,
2380201222, 122111, 001241,   43.4,  26.12,
2380201221, 122111, 001049,   74.5,  28.34,
2380201219, 122111, 000916,  100.5,  27.64,
2380201218, 122111, 000747,  124.9,  27.97,
2380201217, 122111, 000614,  148.7,  10.93,
2390201319, 012012, 010035,    5.1,  17.37,
2390201318, 012012, 005920,   24.6,  26.22,
2390201317, 012012, 005750,   45.0,  26.68,
2390201316, 012012, 005620,   74.7,  29.45,
2390201315, 012012, 005445,  100.3,  17.18,
2390201314, 012012, 005251,  125.3,  16.26,
2390201313, 012012, 005052,  151.0,   8.65,
2400201024, 032612, 191628,    7.4,  21.92,
2400201023, 032612, 191347,   25.7,  17.63,
2400201022, 032612, 191237,   45.7,  27.99,
2400201021, 032612, 191112,   74.8,  21.31,
2400201020, 032612, 190942,  100.8,  19.61,
2400201019, 032612, 190828,  125.1,  12.30,
2400201018, 032612, 190713,  149.6,  12.31,
2410201324, 050412, 002647,    6.7,  17.24,
2410201319, 050412, 002509,   26.0,  20.41,
2410201318, 050412, 002409,   44.7,  23.64,
2410201317, 050412, 002308,   74.1,  25.83,
2410201316, 050412, 002209,  100.3,  24.46,
2410201315, 050412, 002109,  124.8,  17.33,
2410201314, 050412, 002005,  151.2,  10.48,
2420201223, 060112, 005703,    5.0,  21.99,
2420201222, 060112, 005600,   24.7,  26.59,
2420201221, 060112, 005502,   44.8,  25.85,
2420201220, 060112, 005358,   76.2,  26.39,
2420201219, 060112, 005253,   98.8,  19.36,
2420201218, 060112, 005147,  124.4,  20.30,
2420201217, 060112, 005032,  149.8,  18.29,
2430201124, 062812, 012110,    6.5,  25.52,
2430201122, 062812, 011931,   25.7,  26.05,
2430201121, 062812, 011805,   43.9,  32.75,
2430201120, 062812, 011621,   75.1,  31.60,
2430201119, 062812, 011455,   99.3,  26.60,
2430201118, 062812, 011331,  125.2,  18.53,
2430201117, 062812, 011121,  149.6,  10.11,
2440201323, 080212, 005934,    9.7,  24.22,
2440201322, 080212, 005814,   25.4,  45.31,
2440201321, 080212, 005709,   45.6,  37.73,
2440201320, 080212, 005554,   75.0,  34.72,
2440201319, 080212, 005444,  100.4,  38.24,
2440201318, 080212, 005329,  125.4,  26.77,
2440201317, 080212, 005219,  149.8,  13.37,
2450201223, 081912, 005541,    5.4,  24.92,
2450201222, 081912, 005411,   25.3,  32.76,
2450201221, 081912, 005301,   45.5,  33.17,
2450201220, 081912, 005151,   75.8,  36.53,
2450201219, 081912, 005046,  100.4,  33.80,
2450201218, 081912, 004936,  125.3,  20.14,
2450201217, 081912, 004826,  150.5,  17.17,
2460201223, 091612, 010319,    6.0,  28.01,
2460201222, 091612, 010139,   25.1,  32.16,
2460201221, 091612, 010024,   45.7,  36.10,
2460201220, 091612, 005844,   75.5,  34.08,
2460201219, 091612, 005719,  100.3,  35.79,
2460201218, 091612, 005549,  125.6,  25.43,
2460201217, 091612, 005429,  150.4,  18.00,
2470201224, 100912, 010633,    5.5,  24.61,
2470201223, 100912, 010448,   25.4,  26.18,
2470201222, 100912, 010333,   45.1,  26.34,
2470201221, 100912, 010148,   75.6,  34.49,
2470201220, 100912, 010023,  100.4,  20.26,
2470201219, 100912, 005902,  125.5,  16.05,
2470201218, 100912, 005738,  150.5,   8.41,
2480201224, 120512, 013629,    4.8,  19.79,
2480201223, 120512, 013334,   25.0,  27.90,
2480201222, 120512, 013204,   45.3,  27.82,
2480201221, 120512, 013019,   75.0,  13.07,
2480201220, 120512, 012839,  100.0,  12.16,
2480201219, 120512, 012639,  124.9,   7.85,
2480201218, 120512, 012504,  151.2,   2.99,
2490201223, 021413, 011549,    7.3,  20.78,
2490201222, 021413, 011258,   24.4,  20.59,
2490201221, 021413, 011109,   45.9,  18.26,
2490201220, 021413, 010859,   76.0,  13.55,
2490201219, 021413, 010654,  100.5,  20.25,
2490201218, 021413, 010518,  125.4,  10.55,
2490201217, 021413, 010338,  151.2,   3.75,
2500201323, 030813, 011209,    6.3,  12.93,
2500201322, 030813, 010930,   24.7,  20.12,
2500201321, 030813, 010759,   44.9,  20.41,
2500201320, 030813, 010609,   75.4,  26.64,
2500201319, 030813, 010429,  100.4,  20.32,
2500201318, 030813, 010259,  126.1,  17.36,
2500201317, 030813, 010139,  150.0,  14.51,
2510201223, 040713, 010017,    4.3,  18.07,
2510201222, 040713, 005857,   25.2,  22.50,
2510201221, 040713, 005738,   44.9,  26.24,
2510201220, 040713, 005607,   74.8,  26.65,
2510201219, 040713, 005437,  100.8,  21.50,
2510201218, 040713, 005307,  125.7,  15.91,
2510201217, 040713, 005147,  151.0,  11.83,
2520201324, 051913, 010900,    6.6,  18.89,
2520201323, 051913, 010629,   25.2,  17.10,
2520201321, 051913, 010449,   45.8,  28.14,
2520201320, 051913, 010309,   73.7,  19.94,
2520201319, 051913, 010139,  100.1,  22.89,
2520201318, 051913, 005959,  126.2,  19.40,
2520201317, 051913, 005809,  150.5,  12.75,
2530201323, 062713, 010650,    6.6,  24.97,
2530201322, 062713, 010440,   25.0,  22.20,
2530201321, 062713, 010320,   44.8,  30.16,
2530201320, 062713, 010130,   75.6,  26.92,
2530201319, 062713, 010000,  100.3,  22.58,
2530201318, 062713, 005840,  124.8,  23.33,
2530201317, 062713, 005721,  150.8,  10.65,
2540201223, 091313, 010930,    6.0,  41.78,
2540201222, 091313, 010700,   25.6,  46.36,
2540201221, 091313, 010526,   45.3,  45.10,
2540201220, 091313, 010340,   74.9,  29.23,
2540201219, 091313, 010205,  100.7,  21.11,
2540201218, 091313, 010035,  125.3,  14.32,
2540201217, 091313, 005903,  150.7,   4.27,
2550201223, 100313, 011035,    7.7,  37.91,
2550201222, 100313, 010754,   25.2,  43.94,
2550201221, 100313, 010614,   45.0,  38.40,
2550201220, 100313, 010424,   75.5,  49.73,
2550201219, 100313, 010254,  100.0,  29.19,
2550201218, 100313, 010124,  124.9,  16.26,
2550201217, 100313, 010004,  150.8,   7.06,
2560201223, 102913, 011657,    8.3,  26.54,
2560201222, 102913, 011457,   24.3,  31.52,
2560201221, 102913, 011317,   44.8,  38.05,
2560201220, 102913, 011117,   75.2,  29.35,
2560201219, 102913, 010917,  100.4,  20.48,
2560201218, 102913, 010747,  123.5,   8.35,
2560201217, 102913, 010607,  149.5,   6.51,
2570201222, 112813, 010410,    6.9,  28.80,
2570201219, 112813, 010140,   25.4,  30.51,
2570201217, 112813, 010000,   45.3,  33.86,
2570201216, 112813, 005830,   74.6,  34.77,
2570201215, 112813, 005700,  100.4,  23.28,
2570201214, 112813, 005540,  124.8,  12.22,
2570201213, 112813, 005410,  149.6,   8.80,
2580201224, 122213, 020249,    7.9,  28.54,
2580201222, 122213, 020040,   24.2,  37.73,
2580201221, 122213, 015850,   45.6,  38.52,
2580201220, 122213, 015705,   74.7,  25.27,
2580201219, 122213, 015537,   98.6,  12.10,
2580201218, 122213, 015400,  122.2,   8.95,
2580201217, 122213, 015223,  150.1,   9.14,
2590201224, 011714, 013434,    6.9,  21.10,
2590201222, 011714, 013234,   25.4,  21.31,
2590201221, 011714, 013104,   45.0,  22.58,
2590201220, 011714, 012915,   76.4,  22.56,
2590201219, 011714, 012755,  100.2,   8.89,
2590201218, 011714, 012605,  125.9,   7.16,
2590201217, 011714, 012434,  150.5,   8.77,
2600201117, 021614, 014650,    6.6,  21.85,
2600201115, 021614, 014452,   24.7,  30.24,
2600201114, 021614, 014309,   45.9,  21.52,
2600201113, 021614, 014137,   76.2,  28.85,
2600201112, 021614, 014020,  101.2,  17.72,
2600201111, 021614, 013859,  125.8,   9.82,
2600201110, 021614, 013740,  150.1,  11.51,
2610201217, 030714, 011153,    6.1,  30.09,
2610201215, 030714, 011003,   25.6,  32.60,
2610201214, 030714, 010813,   45.7,  38.33,
2610201213, 030714, 010623,   75.8,  24.49,
2610201212, 030714, 010437,  100.6,  24.70,
2610201211, 030714, 010249,  125.6,  15.72,
2610201210, 030714, 010103,  150.0,   6.91,
2620201217, 041214, 005845,    4.9,  35.20,
2620201215, 041214, 005705,   25.1,  27.43,
2620201214, 041214, 005540,   44.2,  47.98,
2620201213, 041214, 005425,   74.7,  25.99,
2620201212, 041214, 005245,   99.9,  37.78,
2620201211, 041214, 005120,  124.8,  22.03,
2620201210, 041214, 004955,  150.6,  18.27,
2630201117, 060214, 011827,    4.7,  30.56,
2630201115, 060214, 011647,   24.7,  19.94,
2630201114, 060214, 011517,   44.2,  27.49,
2630201113, 060214, 011343,   74.7,  30.32,
2630201112, 060214, 011158,   99.3,  26.93,
2630201111, 060214, 011017,  125.5,  23.26,
2630201110, 060214, 010847,  149.6,   7.90,
2640201217, 070214, 010235,    4.7,  45.12,
2640201215, 070214, 010038,   24.8,  40.20,
2640201214, 070214, 005905,   45.6,  51.39,
2640201213, 070214, 005723,   75.3,  36.65,
2640201212, 070214, 005548,   99.7,  32.03,
2640201211, 070214, 005423,  125.2,  25.59,
2640201210, 070214, 005248,  149.5,  11.88,
2650201217, 091614, 010101,    5.8,  37.88,
2650201215, 091614, 005923,   25.8,  40.36,
2650201214, 091614, 005825,   45.2,  34.64,
2650201213, 091614, 005720,   75.1,  35.63,
2650201212, 091614, 005619,  100.3,  22.79,
2650201211, 091614, 005517,  125.7,  13.86,
2650201210, 091614, 005416,  149.4,   8.27,
2660201223, 101514, 010912,    6.1,  44.93,
2660201221, 101514, 010717,   24.2,  43.39,
2660201220, 101514, 010539,   44.9,  57.18,
2660201218, 101514, 010322,   75.1,  31.93,
2660201216, 101514, 010122,   99.7,  19.21,
2660201214, 101514, 005937,  125.7,   9.77,
2660201212, 101514, 005745,  150.4,   6.83,
2670201223, 112314, 010944,    7.3,  23.74,
2670201221, 112314, 010754,   24.7,  36.99,
2670201220, 112314, 010624,   44.9,  32.46,
2670201218, 112314, 010404,   75.9,  37.44,
2670201216, 112314, 010224,  100.1,  25.04,
2670201214, 112314, 010024,  125.8,  11.13,
2670201212, 112314, 005839,  150.8,   3.72,
2680201124, 121814, 011429,    8.5,  25.71,
2680201122, 121814, 011234,   24.1,  23.32,
2680201121, 121814, 011048,   44.4,  22.40,
2680201120, 121814, 010849,   76.0,  22.54,
2680201117, 121814, 010519,   99.5,  18.75,
2680201112, 121814, 005859,  126.0,  13.69,
2680201109, 121814, 005515,  149.6,   7.08,
2690201219, 022615, 012048,    4.8,  20.24,
2690201218, 022615, 011648,   24.9,  28.79,
2690201216, 022615, 011523,   46.2,  39.70,
2690201214, 022615, 011348,   74.7,  26.15,
2690201212, 022615, 011208,  100.1,  15.03,
2690201210, 022615, 011028,  126.2,  26.03,
2690201209, 022615, 010913,  148.0,  13.48,
2700201021, 033015, 231110,    4.7,  18.48,
2700201020, 033015, 231000,   23.6,  25.13,
2700201019, 033015, 230845,   44.7,  29.44,
2700201018, 033015, 230705,   74.5,  27.25,
2700201017, 033015, 230535,   99.1,  20.93,
2700201015, 033015, 230330,  124.8,  17.54,
2700201014, 033015, 230210,  149.6,  12.54,
2710201220, 042315, 011210,    6.2,  24.99,
2710201218, 042315, 011005,   25.4,  39.24,
2710201217, 042315, 010820,   47.0,  33.84,
2710201216, 042315, 010635,   75.4,  43.34,
2710201215, 042315, 010450,  100.5,  36.24,
2710201214, 042315, 010300,  125.4,  29.86,
2710201213, 042315, 010116,  150.9,   7.53,
2720201320, 052515, 010817,    7.0,  29.16,
2720201318, 052515, 010617,   25.8,  42.04,
2720201317, 052515, 010457,   44.9,  38.38,
2720201316, 052515, 010327,   74.3,  37.23,
2720201315, 052515, 010207,  100.4,  34.48,
2720201314, 052515, 010037,  125.4,  24.76,
2720201313, 052515, 005917,  150.3,  10.49,
2730201323, 062115, 012019,    7.6,  23.90,
2730201318, 062115, 011734,   25.1,  41.98,
2730201317, 062115, 011550,   46.5,  40.66,
2730201316, 062115, 011359,   75.6,  35.92,
2730201315, 062115, 011235,   99.5,  29.14,
2730201314, 062115, 011105,  125.5,  25.16,
2730201313, 062115, 010939,  150.1,  10.90,
2740201320, 072115, 010358,    6.4,  22.86,
2740201318, 072115, 010228,   25.6,  20.03,
2740201317, 072115, 010103,   46.0,  32.67,
2740201316, 072115, 005923,   75.7,  33.81,
2740201315, 072115, 005758,  100.3,  20.57,
2740201314, 072115, 005637,  125.6,  13.00,
2740201313, 072115, 005513,  150.0,   9.10,
2750201220, 081415, 010032,    5.6,  18.56,
2750201218, 081415, 005902,   25.4,  29.17,
2750201217, 081415, 005752,   45.0,  33.66,
2750201216, 081415, 005627,   75.2,  30.87,
2750201215, 081415, 005502,  100.4,  33.85,
2750201214, 081415, 005342,  124.7,  14.69,
2750201213, 081415, 005217,  150.8,   5.85,
2770201220, 101515, 005323,    5.5,  20.38,
2770201218, 101515, 005154,   25.1,  28.48,
2770201217, 101515, 005040,   45.1,  24.15,
2770201216, 101515, 004923,   74.6,  32.02,
2770201215, 101515, 004806,  101.5,  20.49,
2770201214, 101515, 004643,  125.4,  11.69,
2770201213, 101515, 004534,  149.3,   7.54,
2780201120, 111515, 013218,    5.6,  41.69,
2780201118, 111515, 013038,   24.4,  31.19,
2780201117, 111515, 012900,   44.3,  37.28,
2780201116, 111515, 012658,   74.1,  32.76,
2780201115, 111515, 012513,   99.7,  21.49,
2780201114, 111515, 012328,  124.1,   8.85,
2780201113, 111515, 012133,  148.8,   4.19,
2790201220, 121015, 010406,    5.9,  18.88,
2790201218, 121015, 010226,   23.1,  25.90,
2790201217, 121015, 010106,   45.3,  29.99,
2790201216, 121015, 005946,   73.4,  32.24,
2790201215, 121015, 005821,   99.7,  24.44,
2790201214, 121015, 005656,  124.5,   9.48,
2790201213, 121015, 005531,  150.8,   6.40,