botid, date, time, press, dic, 
#, mmddyy, hhmmss, dbar, umol/kg, 
0440200410, 012093, 064754,  160.5,  2025.7,
0440200408, 012093, 064544,  198.1,  2032.3,
0440200505, 012093, 095707,   95.3,  1974.0,
0440200502, 012093, 095354,  130.4,  1978.8,
0450200621, 021793, 071005,    5.1,  1957.0,
0450200618, 021793, 070703,   24.3,  1964.6,
0450200617, 021793, 070557,   35.5,  1974.7,
0450200616, 021793, 070450,   45.4,  1975.0,
0450200615, 021793, 070319,   58.7,  1980.6,
0450200614, 021793, 070157,   74.3,  1984.8,
0450200612, 021793, 065942,   94.6,  1999.7,
0450200610, 021793, 065657,  114.5,  2021.8,
0450200609, 021793, 065354,  124.5,  2030.2,
0450200607, 021793, 065048,  151.5,  2039.6,
0450200605, 021793, 064800,  175.4,  2041.0,
0460200320, 041493, 071013,   26.0,  1976.7,
0460200318, 041493, 070831,   44.4,  1976.1,
0460200317, 041493, 070738,   60.2,  1977.8,
0460200316, 041493, 070643,   75.5,  1982.4,
0460200314, 041493, 070452,   95.9,  1980.6,
0460200311, 041493, 070154,  125.0,  1997.8,
0460200309, 041493, 065937,  150.4,  2005.6,
0460200307, 041493, 065652,  176.2,  2011.8,
0460200305, 041493, 065418,  196.2,  2026.7,
0470200923, 052193, 020700,    6.6,  1975.6,
0470200921, 052193, 020414,   24.5,  1974.9,
0470200919, 052193, 020232,   34.9,  1975.2,
0470200918, 052193, 020124,   45.0,  1975.5,
0470200917, 052193, 015956,   55.1,  1979.6,
0470200916, 052193, 015822,   74.7,  1979.0,
0470200914, 052193, 015611,   95.3,  1982.2,
0470200912, 052193, 015321,  116.4,  1986.0,
0470200909, 052193, 014941,  150.1,  2008.4,
0490200723, 091493, 063900,    5.4,  1981.2,
0490200722, 091493, 063652,   15.6,  1981.9,
0490200721, 091493, 063459,   25.6,  1982.6,
0490200719, 091493, 063103,   46.6,  1988.5,
0490200716, 091493, 062523,   76.2,  1995.4,
0490200714, 091493, 062137,   96.4,  2008.7,
0490200710, 091493, 061437,  125.6,  2021.8,
0490200707, 091493, 060857,  154.2,  2033.5,
0490200705, 091493, 060454,  177.7,  2038.0,
0500200623, 102993, 074530,    7.1,  1970.0,
0500200622, 102993, 074421,   17.2,  1970.4,
0500200620, 102993, 074255,   27.1,  1975.0,
0500200619, 102993, 074117,   37.3,  1977.3,
0500200618, 102993, 074000,   48.4,  1980.6,
0500200617, 102993, 073831,   58.5,  1985.6,
0500200616, 102993, 073558,   80.3,  1994.6,
0500200615, 102993, 073442,   78.9,  1993.9,
0500200614, 102993, 073318,   93.4,  1999.5,
0500200613, 102993, 073200,  105.2,  2013.8,
0500200612, 102993, 073009,  117.8,  2016.2,
0500200610, 102993, 072754,  125.0,  2020.2,
0500200608, 102993, 072512,  138.4,  2032.2,
0500200607, 102993, 072336,  148.9,  2038.8,
0500200606, 102993, 072201,  163.4,  2041.5,
0500200605, 102993, 072023,  176.8,  2044.0,
0500200604, 102993, 071824,  182.6,  2045.0,
0500200603, 102993, 071650,  197.4,  2046.6,
0510200422, 012094, 091215,    7.5,  1979.3,
0510200421, 012094, 091156,   17.1,  1980.6,
0510200419, 012094, 090954,   27.3,  1979.8,
0510200418, 012094, 090940,   36.7,  1979.0,
0510200415, 012094, 090613,   76.6,  1980.8,
0510200414, 012094, 090504,   85.8,  1975.8,
0510200413, 012094, 090409,   96.1,  1988.0,
0510200412, 012094, 090312,  106.4,  1990.3,
0510200411, 012094, 090218,  114.6,  1992.2,
0510200410, 012094, 090118,  125.7,  2011.6,
0510200409, 012094, 090023,  136.4,  2023.9,
0510200408, 012094, 085920,  153.1,  2028.4,
0510200407, 012094, 085751,  163.9,  2027.8,
0510200406, 012094, 085648,  168.8,  2029.5,
0510200405, 012094, 085513,  184.9,  2033.4,
0520200417, 021794, 040012,  186.2,  2030.2,
0520200416, 021794, 035901,  199.0,  2038.3,
0520200517, 021794, 065711,    4.8,  1974.0,
0520200516, 021794, 065604,   15.0,  1972.5,
0520200515, 021794, 065455,   25.4,  1976.9,
0520200514, 021794, 065351,   35.0,  1978.0,
0520200513, 021794, 065249,   44.9,  1981.5,
0520200512, 021794, 065129,   61.4,  1987.3,
0520200511, 021794, 065000,   77.8,  1987.8,
0520200510, 021794, 064852,   85.6,  1988.8,
0520200509, 021794, 064752,   95.4,  1987.9,
0520200508, 021794, 064651,  106.1,  1990.3,
0520200507, 021794, 064545,  114.4,  1990.3,
0520200506, 021794, 064445,  125.5,  1991.9,
0520200505, 021794, 064343,  135.2,  1991.6,
0520200504, 021794, 064230,  150.4,  1993.6,
0530200622, 030994, 060853,    4.5,  1981.6,
0530200619, 030994, 060606,   25.7,  1980.7,
0530200618, 030994, 060546,   25.2,  1982.2,
0530200615, 030994, 060226,   60.1,  1988.7,
0530200614, 030994, 060130,   75.0,  1987.0,
0530200613, 030994, 060043,   83.3,  1989.7,
0530200608, 030994, 055535,  135.0,  2003.6,
0530200606, 030994, 055126,  159.5,  2009.6,
0530200605, 030994, 055008,  174.7,  2009.8,
0530200604, 030994, 054902,  185.8,  2014.1,
0530202124, -00009, -00009,    5.1,  1981.7,
0530202123, -00009, -00009,   25.2,  1979.6,
0540201321, 061994, 230633,    5.1,  1961.3,
0540201320, 061994, 230503,   14.9,  1959.8,
0540201316, 061994, 230056,   44.6,  1968.7,
0540201310, 061994, 225242,  113.8,  1996.3,
0540201306, 061994, 224639,  157.4,  2012.0,
0540201304, 061994, 224325,  185.2,  2026.1,
0550200424, 072594, 080841,    4.7,  1960.4,
0550200422, 072594, 080712,   14.8,  1960.0,
0550200421, 072594, 080600,   24.5,  1960.1,
0550200418, 072594, 080309,   43.8,  1959.8,
0550200417, 072594, 080147,   59.8,  1961.6,
0550200416, 072594, 080028,   74.3,  1965.2,
0550200414, 072594, 075845,   84.3,  1978.2,
0550200412, 072594, 075548,  104.2,  1989.2,
0550200411, 072594, 075431,  115.3,  1995.2,
0550200410, 072594, 075215,  124.2,  2002.1,
0550200409, 072594, 075043,  134.4,  2012.3,
0550200407, 072594, 074814,  149.6,  2025.2,
0550200406, 072594, 074656,  159.1,  2030.6,
0550200405, 072594, 074516,  175.0,  2037.3,
0550200404, 072594, 074318,  184.8,  2041.2,
0560200522, 083094, 064545,    4.4,  1953.7,
0560200520, 083094, 064429,   14.6,  1953.0,
0560200519, 083094, 064327,   25.2,  1953.7,
0560200517, 083094, 064204,   35.2,  1952.7,
0560200516, 083094, 064059,   44.6,  1954.0,
0560200515, 083094, 063939,   59.6,  1968.8,
0560200514, 083094, 063820,   75.9,  1979.4,
0560200513, 083094, 063710,   85.0,  1982.6,
0560200512, 083094, 063552,   94.4,  1993.7,
0560200511, 083094, 063441,  105.5,  2006.0,
0560200510, 083094, 063309,  115.0,  2018.7,
0560200509, 083094, 063142,  125.1,  2024.1,
0560200508, 083094, 063030,  135.4,  2030.6,
0560200507, 083094, 062910,  150.4,  2032.5,
0560200506, 083094, 062806,  159.3,  2022.5,
0560200505, 083094, 062619,  175.6,  2038.4,
0560200504, 083094, 062448,  184.7,  2039.8,
0560201306, 083194, 064931,    4.6,  1952.5,
0560201305, 083194, 064747,   24.6,  1952.6,
0570200422, 092394, 080740,    5.4,  1952.8,
0570200419, 092394, 080533,   25.2,  1953.4,
0570200417, 092394, 080414,   35.0,  1953.0,
0570200416, 092394, 080328,   44.6,  1954.4,
0570200415, 092394, 080222,   59.9,  1962.3,
0570200414, 092394, 080124,   75.2,  1970.9,
0570200413, 092394, 080023,   84.9,  1973.0,
0570200412, 092394, 075920,   95.1,  1982.6,
0570200411, 092394, 075819,  105.2,  1992.1,
0570200410, 092394, 075725,  115.6,  1992.1,
0570200409, 092394, 075629,  124.1,  2001.8,
0570200408, 092394, 075530,  135.5,  2009.6,
0570200407, 092394, 075420,  149.6,  2015.1,
0570200406, 092394, 075322,  158.7,  2019.5,
0570200405, 092394, 075144,  174.4,  2028.3,
0570200404, 092394, 075036,  184.7,  2031.1,
0570201924, 092594, 053549,    5.0,  1952.7,
0570201923, 092594, 053425,   24.6,  1952.6,
0580200623, 101594, 090630,    5.0,  1958.6,
0580200619, 101594, 090350,   25.0,  1958.9,
0580200618, 101594, 090259,   34.3,  1959.0,
0580200617, 101594, 090155,   44.6,  1957.8,
0580200616, 101594, 090029,   59.5,  1959.4,
0580200615, 101594, 085919,   74.5,  1967.0,
0580200614, 101594, 085814,   84.2,  1973.7,
0580200613, 101594, 085659,   94.7,  1985.1,
0580200612, 101594, 085552,  104.7,  1988.1,
0580200611, 101594, 085446,  115.3,  1998.8,
0580200610, 101594, 085344,  124.7,  2006.7,
0580200609, 101594, 085237,  134.8,  2018.3,
0580200608, 101594, 085125,  149.5,  2023.2,
0580200607, 101594, 085008,  159.4,  2027.8,
0580200606, 101594, 084859,  174.4,  2030.5,
0580200605, 101594, 084753,  185.4,  2034.5,
0580201306, 101694, 055345,    4.9,  1961.2,
0580201305, 101694, 055225,   25.0,  1959.5,
0590200521, 112094, 074403,    5.3,  1965.5,
0590200518, 112094, 074159,   25.2,  1962.9,
0590200517, 112094, 074104,   34.2,  1966.1,
0590200516, 112094, 074000,   43.2,  1964.5,
0590200515, 112094, 073843,   58.7,  1966.0,
0590200514, 112094, 073739,   74.0,  1966.0,
0590200513, 112094, 073617,   86.5,  1969.0,
0590200512, 112094, 073511,   94.9,  1989.5,
0590200511, 112094, 073417,  102.3,  1996.9,
0590200510, 112094, 073315,  115.7,  2005.4,
0590200509, 112094, 073217,  125.2,  2013.8,
0590200508, 112094, 073105,  135.4,  2015.4,
0590200507, 112094, 072946,  150.6,  2024.6,
0590200506, 112094, 072848,  159.8,  2026.8,
0590200505, 112094, 072743,  173.0,  2034.2,
0590200504, 112094, 072631,  185.0,  2043.5,
0590201224, 112194, 043911,    4.6,  1965.7,
0590201221, 112194, 043635,   25.8,  1965.2,
0600200523, 020695, 075919,    5.0,  1939.9,
0600200520, 020695, 075712,   23.4,  1940.4,
0600200518, 020695, 075556,   34.1,  1940.4,
0600200517, 020695, 075505,   43.8,  1942.9,
0600200516, 020695, 075410,   59.8,  1957.0,
0600200515, 020695, 075314,   74.9,  1963.6,
0600200514, 020695, 075220,   84.8,  1971.7,
0600200513, 020695, 075139,   95.5,  1967.9,
0600200512, 020695, 075053,  104.3,  1977.0,
0600200511, 020695, 075008,  113.5,  1985.5,
0600200509, 020695, 074812,  123.8,  1996.3,
0600200508, 020695, 074717,  133.6,  2008.0,
0600200507, 020695, 074619,  149.8,  2015.5,
0600200506, 020695, 074522,  160.2,  2027.6,
0600200505, 020695, 074424,  175.1,  2052.1,
0600200504, 020695, 074333,  184.4,  2050.4,
0600200503, 020695, 074227,  199.5,  2049.8,
0600200617, 020795, 091424,    5.6,  1942.2,
0600200615, 020795, 091242,   24.6,  1944.6,
0610200423, 030495, 080049,    5.5,  1961.7,
0610200420, 030495, 075830,   25.5,  1961.8,
0610200418, 030495, 075717,   34.0,  1962.6,
0610200417, 030495, 075600,   44.7,  1986.8,
0610200416, 030495, 075458,   57.9,  1996.8,
0610200415, 030495, 075325,   78.0,  2004.5,
0610200414, 030495, 075206,   85.2,  2006.2,
0610200413, 030495, 075058,   96.0,  2012.5,
0610200412, 030495, 074941,  106.3,  2030.9,
0610200411, 030495, 074833,  111.9,  2022.9,
0610200410, 030495, 074728,  123.6,  2033.7,
0610200409, 030495, 074631,  134.2,  2027.7,
0610200407, 030495, 074441,  149.2,  2029.3,
0610200406, 030495, 074336,  161.3,  2042.9,
0610200405, 030495, 074228,  174.9,  2043.7,
0610200404, 030495, 074124,  184.9,  2043.8,
0610200403, 030495, 074008,  200.0,  2050.2,
0610201208, 030595, 083620,    4.7,  1964.8,
0610201207, 030595, 083439,   25.1,  1964.5,
0620200522, 040695, 070440,    4.4,  1953.0,
0620200519, 040695, 070203,   25.1,  1952.2,
0620200517, 040695, 070056,   33.6,  1951.7,
0620200516, 040695, 065950,   44.8,  1951.9,
0620200514, 040695, 065730,   75.2,  1959.9,
0620200513, 040695, 065630,   84.9,  1961.4,
0620200512, 040695, 065535,   93.3,  1965.4,
0620200511, 040695, 065436,  104.5,  1967.7,
0620200510, 040695, 065334,  114.4,  1973.5,
0620200509, 040695, 065236,  124.0,  1979.2,
0620200508, 040695, 065134,  134.9,  1985.8,
0620200507, 040695, 065029,  149.2,  1988.7,
0620200506, 040695, 064937,  160.2,  1993.7,
0620200505, 040695, 064840,  173.8,  2001.1,
0620200504, 040695, 064737,  183.6,  2005.0,
0620201305, 040795, 074422,    4.5,  1951.9,
0620201304, 040795, 074313,   24.8,  1951.0,
0630200523, 050795, 090218,    5.0,  1960.5,
0630200519, 050795, 085938,   24.7,  1961.1,
0630200518, 050795, 085836,   34.3,  1961.1,
0630200517, 050795, 085729,   45.0,  1963.2,
0630200516, 050795, 085622,   59.5,  1974.0,
0630200515, 050795, 085509,   75.6,  1979.5,
0630200514, 050795, 085413,   84.3,  1980.4,
0630200513, 050795, 085308,   95.2,  1982.4,
0630200512, 050795, 085209,  104.8,  1986.0,
0630200511, 050795, 085115,  115.0,  1988.3,
0630200510, 050795, 085019,  124.3,  1996.9,
0630200509, 050795, 084919,  135.3,  2001.9,
0630200508, 050795, 084817,  149.8,  2004.1,
0630200507, 050795, 084717,  159.4,  2013.9,
0630200506, 050795, 084608,  174.7,  2023.5,
0630200505, 050795, 084512,  184.9,  2030.1,
0640200523, 073095, 082954,    5.0,  1963.3,
0640200520, 073095, 082736,   24.4,  1964.0,
0640200519, 073095, 082630,   35.0,  1964.0,
0640200518, 073095, 082510,   45.1,  1964.1,
0640200517, 073095, 082351,   60.1,  1965.8,
0640200516, 073095, 082228,   74.9,  1977.4,
0640200515, 073095, 082120,   85.0,  1980.8,
0640200514, 073095, 082010,   95.6,  1987.2,
0640200513, 073095, 081900,  104.7,  1991.1,
0640200512, 073095, 081744,  114.6,  1996.5,
0640200511, 073095, 081623,  124.5,  1999.7,
0640200510, 073095, 081525,  133.8,  2004.3,
0640200509, 073095, 081405,  149.5,  2013.1,
0640200508, 073095, 081245,  160.7,  2019.7,
0640200507, 073095, 081110,  174.3,  2022.8,
0640200506, 073095, 081001,  183.9,  2023.6,
0640201324, 073195, 120909,    4.0,  1957.5,
0640201322, 073195, 120743,   24.7,  1960.1,
0650200423, 082895, 073257,    4.7,  1960.8,
0650200420, 082895, 073055,   25.0,  1960.5,
0650200419, 082895, 073001,   44.3,  1963.8,
0650200418, 082895, 072909,   60.3,  1972.7,
0650200417, 082895, 072757,   74.4,  1984.0,
0650200416, 082895, 072658,   84.3,  1993.8,
0650200414, 082895, 072458,   94.7,  1996.6,
0650200412, 082895, 072300,  105.2,  2000.4,
0650200411, 082895, 072154,  114.8,  2006.6,
0650200410, 082895, 072100,  124.8,  2015.2,
0650200409, 082895, 072010,  135.4,  2018.7,
0650200408, 082895, 071859,  149.6,  2030.2,
0650200407, 082895, 071759,  160.0,  2030.4,
0650200406, 082895, 071658,  173.3,  2032.5,
0650200405, 082895, 071602,  184.8,  2036.6,
0650201213, 082995, 073242,    5.1,  1961.3,
0650201211, 082995, 073048,   26.3,  1961.4,
0660200416, 092795, 040201,  199.9,  2029.5,
0660200522, 092795, 070151,    5.0,  1955.2,
0660200519, 092795, 065939,   24.8,  1955.8,
0660200518, 092795, 065849,   35.0,  1956.3,
0660200517, 092795, 065800,   45.5,  1960.5,
0660200516, 092795, 065649,   60.4,  1959.5,
0660200515, 092795, 065545,   74.5,  1983.7,
0660200514, 092795, 065455,   85.0,  1990.9,
0660200513, 092795, 065356,   93.9,  1999.9,
0660200512, 092795, 065311,  104.1,  2001.8,
0660200511, 092795, 065209,  114.4,  2009.9,
0660200510, 092795, 065114,  124.0,  2018.8,
0660200509, 092795, 065021,  134.1,  2021.6,
0660200508, 092795, 064910,  149.1,  2029.5,
0660200507, 092795, 064810,  160.5,  2025.6,
0660200506, 092795, 064703,  174.4,  2028.5,
0660200505, 092795, 064605,  185.1,  2028.9,
0660201313, 092895, 065942,    5.3,  1958.2,
0660201312, 092895, 065812,   25.0,  1956.8,
0670200515, 102795, 025759,  199.4,  2048.5,
0670200621, 102795, 060555,    4.6,  1962.3,
0670200618, 102795, 060354,   24.4,  1962.3,
0670200617, 102795, 060244,   44.3,  1963.7,
0670200616, 102795, 060053,   59.4,  1966.0,
0670200615, 102795, 055948,   75.0,  1964.7,
0670200614, 102795, 055845,   84.9,  1972.5,
0670200612, 102795, 055651,  104.1,  1995.1,
0670200611, 102795, 055549,  114.9,  2006.6,
0670200610, 102795, 055453,  124.8,  2004.0,
0670200609, 102795, 055349,  134.7,  2016.5,
0670200608, 102795, 055252,  149.1,  2006.5,
0670200607, 102795, 055157,  158.3,  2022.9,
0670200606, 102795, 055045,  174.3,  2022.4,
0670200605, 102795, 054953,  185.0,  2029.8,
0680200622, 111795, 060149,    5.0,  1957.3,
0680200619, 111795, 055913,   24.0,  1956.7,
0680200618, 111795, 055807,   34.5,  1958.4,
0680200617, 111795, 055708,   44.3,  1957.5,
0680200616, 111795, 055605,   60.9,  1963.7,
0680200615, 111795, 055436,   74.5,  1986.9,
0680200614, 111795, 055324,   85.5,  1999.1,
0680200613, 111795, 055211,   94.1,  2006.3,
0680200612, 111795, 055109,  104.3,  2015.7,
0680200611, 111795, 054958,  114.3,  2019.0,
0680200610, 111795, 054836,  125.0,  2021.4,
0680200609, 111795, 054726,  134.5,  2025.0,
0680200608, 111795, 054621,  149.9,  2027.9,
0680200607, 111795, 054525,  160.3,  2028.6,
0680200606, 111795, 054428,  175.1,  2029.5,
0680200605, 111795, 054328,  184.7,  2031.1,
0690200721, 011796, 075754,    4.6,  1958.3,
0690200718, 011796, 075546,   24.9,  1960.5,
0690200717, 011796, 075452,   34.8,  1962.7,
0690200716, 011796, 075348,   44.8,  1966.2,
0690200715, 011796, 075242,   59.6,  1971.3,
0690200714, 011796, 075136,   74.6,  1976.0,
0690200713, 011796, 075032,   84.3,  1981.0,
0690200712, 011796, 074934,   94.4,  1989.0,
0690200711, 011796, 074834,  104.4,  1998.5,
0690200710, 011796, 074734,  114.4,  2010.5,
0690200709, 011796, 074628,  124.8,  2016.3,
0690200708, 011796, 074520,  134.9,  2021.3,
0690200707, 011796, 074412,  149.5,  2023.7,
0690200706, 011796, 074312,  160.0,  2028.3,
0690200705, 011796, 074208,  174.4,  2030.9,
0690200704, 011796, 074114,  184.4,  2033.0,
0720200221, 052296, 060931,    5.1,  1963.7,
0720200218, 052296, 060707,   24.6,  1966.1,
0720200217, 052296, 060554,   35.1,  1966.3,
0720200216, 052296, 060452,   44.5,  1969.9,
0720200215, 052296, 060328,   61.1,  1975.9,
0720200214, 052296, 060206,   75.1,  1980.3,
0720200213, 052296, 060053,   85.0,  1984.8,
0720200212, 052296, 055936,   94.3,  1988.8,
0720200211, 052296, 055826,  105.1,  1994.4,
0720200210, 052296, 055720,  116.3,  2001.2,
0720200209, 052296, 055600,  125.0,  2002.2,
0720200208, 052296, 055452,  134.8,  2012.3,
0720200207, 052296, 055332,  149.0,  2013.2,
0720200206, 052296, 055217,  159.4,  2012.8,
0720200205, 052296, 055052,  175.1,  2012.3,
0720200204, 052296, 054922,  186.2,  2017.3,
0730200623, 062696, 070517,    4.0,  1937.7,
0730200619, 062696, 070225,   24.6,  1938.1,
0730200618, 062696, 070111,   35.2,  1942.8,
0730200617, 062696, 065955,   45.0,  1962.6,
0730200616, 062696, 065833,   59.3,  1971.3,
0730200615, 062696, 065721,   74.4,  1977.4,
0730200614, 062696, 065607,   84.5,  1983.4,
0730200613, 062696, 065503,   94.9,  1987.8,
0730200612, 062696, 065357,  104.7,  1989.4,
0730200611, 062696, 065249,  114.5,  1993.0,
0730200610, 062696, 065131,  124.1,  1996.5,
0730200609, 062696, 065015,  134.0,  1998.2,
0730200608, 062696, 064907,  150.0,  2003.2,
0730200607, 062696, 064801,  159.0,  2007.0,
0730200606, 062696, 064637,  174.6,  2009.8,
0730200605, 062696, 064531,  184.6,  2012.0,
0740200623, 072796, 065603,    4.4,  1942.6,
0740200620, 072796, 065409,   24.3,  1945.4,
0740200618, 072796, 065301,   33.9,  1945.3,
0740200617, 072796, 065203,   44.6,  1946.2,
0740200616, 072796, 065111,   58.9,  1952.8,
0740200615, 072796, 065009,   74.8,  1973.3,
0740200614, 072796, 064917,   84.5,  1978.9,
0740200613, 072796, 064817,   95.1,  1982.8,
0740200612, 072796, 064729,  103.8,  1988.0,
0740200611, 072796, 064629,  113.7,  1992.8,
0740200610, 072796, 064535,  124.2,  2001.8,
0740200609, 072796, 064439,  134.2,  2002.5,
0740200607, 072796, 064301,  150.2,  2006.8,
0740200606, 072796, 064213,  159.2,  2017.6,
0740200605, 072796, 064117,  174.3,  2028.9,
0740200604, 072796, 064029,  184.6,  2027.9,
0740200603, 072796, 063927,  199.9,  2028.8,
0750200624, 082196, 080153,    5.2,  1946.7,
0750200621, 082196, 075921,   25.1,  1945.8,
0750200619, 082196, 075829,   34.6,  1945.5,
0750200618, 082196, 075721,   44.9,  1946.2,
0750200617, 082196, 075618,   59.8,  1962.5,
0750200616, 082196, 075507,   74.5,  1972.3,
0750200615, 082196, 075405,   84.6,  1978.7,
0750200614, 082196, 075259,   95.0,  1983.9,
0750200613, 082196, 075203,  104.4,  1993.9,
0750200612, 082196, 075105,  114.2,  1999.0,
0750200611, 082196, 075007,  125.3,  2014.6,
0750200610, 082196, 074851,  135.7,  2010.7,
0750200609, 082196, 074727,  150.4,  2013.8,
0750200608, 082196, 074615,  160.0,  2014.6,
0750200607, 082196, 074509,  176.0,  2023.1,
0750200606, 082196, 074359,  185.6,  2021.9,
0750200605, 082196, 074259,  199.8,  2029.0,
0760200624, 100296, 065924,    3.8,  1948.4,
0760200622, 100296, 065822,   14.2,  1951.1,
0760200620, 100296, 065723,   24.2,  1950.5,
0760200619, 100296, 065626,   34.9,  1953.4,
0760200618, 100296, 065540,   43.6,  1952.2,
0760200617, 100296, 065430,   59.6,  1955.3,
0760200616, 100296, 065318,   73.8,  1975.5,
0760200615, 100296, 065212,   84.6,  1983.5,
0760200614, 100296, 065118,   94.5,  1991.0,
0760200613, 100296, 065016,  103.7,  1997.7,
0760200612, 100296, 064908,  115.3,  2008.7,
0760200611, 100296, 064808,  124.3,  2010.4,
0760200610, 100296, 064710,  134.8,  2007.2,
0760200609, 100296, 064608,  148.7,  2014.9,
0760200608, 100296, 064500,  159.4,  2024.1,
0760200607, 100296, 064358,  175.1,  2029.9,
0760200606, 100296, 064306,  183.8,  2034.0,
0760200605, 100296, 064200,  199.9,  2032.0,
0770200422, 103096, 070334,    4.3,  1961.3,
0770200421, 103096, 070232,   14.7,  1960.0,
0770200419, 103096, 070052,   24.2,  1960.4,
0770200418, 103096, 065934,   34.9,  1960.5,
0770200417, 103096, 065806,   43.7,  1960.2,
0770200416, 103096, 065650,   59.6,  1960.2,
0770200415, 103096, 065528,   74.1,  1962.7,
0770200414, 103096, 065424,   84.4,  1984.0,
0770200413, 103096, 065310,   95.4,  2002.6,
0770200412, 103096, 065202,  104.4,  2010.1,
0770200411, 103096, 065052,  114.2,  2016.2,
0770200410, 103096, 064946,  123.8,  2019.9,
0770200409, 103096, 064844,  135.2,  2025.2,
0770200408, 103096, 064722,  149.7,  2028.0,
0770200407, 103096, 064616,  159.8,  2030.1,
0770200406, 103096, 064438,  175.2,  2032.3,
0770200405, 103096, 064334,  185.2,  2033.4,
0780200621, 121196, 093257,    4.3,  1966.2,
0780200620, 121196, 093133,   14.6,  1966.4,
0780200618, 121196, 092945,   24.2,  1968.1,
0780200617, 121196, 092821,   35.0,  1966.0,
0780200616, 121196, 092653,   44.5,  1965.4,
0780200615, 121196, 092535,   59.5,  1967.1,
0780200614, 121196, 092411,   74.2,  1967.3,
0780200613, 121196, 092249,   83.9,  1966.6,
0780200612, 121196, 092127,   95.7,  1968.0,
0780200611, 121196, 092011,  105.1,  1999.9,
0780200610, 121196, 091853,  114.6,  2009.8,
0780200609, 121196, 091743,  125.0,  2013.7,
0780200608, 121196, 091611,  135.4,  2021.5,
0780200607, 121196, 091445,  149.4,  2031.3,
0780200606, 121196, 091331,  159.9,  2036.8,
0780200605, 121196, 091213,  174.7,  2037.4,
0780200604, 121196, 091055,  183.8,  2041.1,
0780200603, 121196, 090913,  199.9,  2044.5,
0790200622, 010897, 080555,    4.3,  1971.6,
0790200621, 010897, 080433,   14.2,  1969.5,
0790200619, 010897, 080311,   24.3,  1969.2,
0790200618, 010897, 080143,   34.4,  1970.2,
0790200617, 010897, 080003,   44.2,  1975.5,
0790200616, 010897, 075835,   59.3,  1990.5,
0790200615, 010897, 075713,   75.0,  1996.4,
0790200614, 010897, 075539,   84.8,  1998.1,
0790200613, 010897, 075421,   94.4,  2003.5,
0790200612, 010897, 075301,  104.5,  2006.3,
0790200611, 010897, 075149,  114.1,  2008.8,
0790200610, 010897, 075025,  124.9,  2018.0,
0790200609, 010897, 074903,  134.9,  2020.2,
0790200608, 010897, 074717,  149.9,  2025.9,
0790200607, 010897, 074559,  159.3,  2031.7,
0790200606, 010897, 074431,  175.0,  2035.1,
0790200605, 010897, 074303,  185.8,  2037.7,
0790200604, 010897, 074139,  199.8,  2040.8,
0800200622, 021897, 070826,    4.5,  1973.8,
0800200621, 021897, 070712,   15.2,  1976.0,
0800200619, 021897, 070558,   24.5,  1975.4,
0800200618, 021897, 070438,   33.9,  1972.0,
0800200617, 021897, 070324,   44.4,  1972.5,
0800200616, 021897, 070158,   60.1,  1971.3,
0800200615, 021897, 070040,   74.5,  1973.2,
0800200614, 021897, 065934,   84.4,  1973.5,
0800200613, 021897, 065814,   94.2,  1973.3,
0800200612, 021897, 065708,  104.7,  1981.0,
0800200611, 021897, 065548,  114.4,  1978.6,
0800200610, 021897, 065434,  124.5,  1980.0,
0800200609, 021897, 065316,  135.8,  1981.5,
0800200608, 021897, 065144,  150.0,  1987.5,
0800200607, 021897, 065040,  160.0,  1999.3,
0800200606, 021897, 064920,  174.1,  2000.4,
0800200605, 021897, 064750,  184.2,  2019.6,
0810200622, 031297, 070732,    4.5,  1974.5,
0810200621, 031297, 070624,   14.5,  1974.2,
0810200619, 031297, 070456,   24.8,  1980.9,
0810200617, 031297, 070232,   44.6,  1983.4,
0810200616, 031297, 070114,   59.9,  1986.2,
0810200615, 031297, 065946,   75.2,  1988.4,
0810200614, 031297, 065832,   85.5,  1988.7,
0810200612, 031297, 065606,  105.0,  1993.2,
0810200611, 031297, 065454,  115.4,  2000.9,
0810200610, 031297, 065404,  119.0,  2001.8,
0810200609, 031297, 065306,  124.2,  2003.0,
0810200607, 031297, 065036,  150.2,  2014.5,
0810200606, 031297, 064932,  159.6,  2029.4,
0820200622, 040997, 070830,    5.1,  1973.2,
0820200621, 040997, 070724,   15.2,  1971.4,
0820200619, 040997, 070614,   25.4,  1972.1,
0820200618, 040997, 070504,   34.9,  1973.7,
0820200617, 040997, 070352,   44.3,  1977.3,
0820200616, 040997, 070204,   60.1,  1991.0,
0820200615, 040997, 070052,   75.0,  2011.4,
0820200614, 040997, 065938,   85.1,  2017.6,
0820200613, 040997, 065826,   95.0,  2028.2,
0820200612, 040997, 065718,  105.1,  2032.5,
0820200611, 040997, 065604,  115.1,  2037.5,
0820200610, 040997, 065444,  125.0,  2040.3,
0820200609, 040997, 065334,  134.8,  2044.5,
0820200608, 040997, 065216,  149.9,  2048.8,
0820200607, 040997, 065110,  159.8,  2052.9,
0820200606, 040997, 065002,  175.1,  2052.8,
0820200605, 040997, 064848,  184.7,  2053.4,
0830200624, 050797, 070134,    4.2,  1965.8,
0830200623, 050797, 070040,   14.7,  1963.7,
0830200622, 050797, 065942,   25.0,  1964.0,
0830200621, 050797, 065846,   34.6,  1965.1,
0830200620, 050797, 065754,   45.3,  1964.5,
0830200619, 050797, 065644,   59.9,  1965.7,
0830200618, 050797, 065548,   74.6,  1967.8,
0830200617, 050797, 065434,   85.0,  1966.7,
0830200616, 050797, 065340,   95.1,  1970.1,
0830200615, 050797, 065246,  104.5,  1974.0,
0830200614, 050797, 065156,  115.3,  1977.6,
0830200612, 050797, 065000,  134.4,  1988.0,
0830200607, 050797, 064708,  149.1,  1998.8,
0830200605, 050797, 064450,  174.1,  2011.2,
0830200604, 050797, 064358,  184.1,  2021.0,
0830200603, 050797, 064232,  199.8,  2025.6,
0840200622, 060497, 065837,    5.2,  1958.6,
0840200621, 060497, 065741,   15.3,  1958.0,
0840200619, 060497, 065633,   24.7,  1957.6,
0840200618, 060497, 065521,   35.2,  1958.4,
0840200617, 060497, 065435,   45.6,  1958.1,
0840200616, 060497, 065339,   60.6,  1963.9,
0840200615, 060497, 065231,   75.4,  1965.6,
0840200614, 060497, 065145,   85.1,  1965.4,
0840200613, 060497, 065053,   94.9,  1970.0,
0840200612, 060497, 064945,  104.6,  1977.5,
0840200611, 060497, 064853,  114.6,  1980.9,
0840200610, 060497, 064753,  124.6,  1997.2,
0840200609, 060497, 064659,  134.8,  2015.2,
0840200608, 060497, 064605,  149.3,  2018.5,
0840200607, 060497, 064505,  159.4,  2024.9,
0840200606, 060497, 064407,  175.0,  2027.4,
0840200605, 060497, 064311,  184.9,  2029.0,
0840200604, 060497, 064157,  199.9,  2037.4,
0850200622, 070997, 070701,    5.1,  1972.9,
0850200621, 070997, 070541,   14.8,  1973.0,
0850200619, 070997, 070421,   24.4,  1972.5,
0850200618, 070997, 070305,   35.8,  1971.7,
0850200617, 070997, 070151,   45.3,  1973.0,
0850200616, 070997, 070033,   59.4,  1972.7,
0850200615, 070997, 065909,   75.3,  1971.5,
0850200614, 070997, 065805,   84.0,  1973.8,
0850200613, 070997, 065651,   94.3,  1977.3,
0850200612, 070997, 065531,  104.3,  1982.6,
0850200611, 070997, 065425,  115.0,  1991.0,
0850200610, 070997, 065317,  124.3,  2004.3,
0850200609, 070997, 065203,  134.5,  2007.2,
0850200608, 070997, 065037,  150.1,  2012.7,
0850200607, 070997, 064917,  158.8,  2021.2,
0850200606, 070997, 064741,  174.2,  2028.1,
0850200605, 070997, 064619,  183.8,  2028.6,
0860200222, 080297, 080201,    4.6,  1974.8,
0860200221, 080297, 080101,   14.3,  1976.1,
0860200219, 080297, 075937,   24.9,  1975.0,
0860200218, 080297, 075811,   35.3,  1976.5,
0860200217, 080297, 075715,   43.9,  1974.9,
0860200216, 080297, 075613,   59.9,  1974.4,
0860200215, 080297, 075501,   77.3,  1972.9,
0860200214, 080297, 075359,   85.1,  1972.6,
0860200213, 080297, 075305,   94.7,  1977.2,
0860200212, 080297, 075213,  101.7,  1981.3,
0860200211, 080297, 075115,  114.3,  2000.4,
0860200210, 080297, 074953,  124.7,  2006.8,
0860200209, 080297, 074851,  134.1,  2011.6,
0860200208, 080297, 074755,  149.5,  2026.0,
0860200207, 080297, 074701,  159.7,  2029.4,
0860200206, 080297, 074559,  175.0,  2027.5,
0860200205, 080297, 074509,  183.5,  2037.8,
0860200204, 080297, 074401,  199.6,  2040.6,
0870200222, 092597, 090724,    4.5,  1976.3,
0870200221, 092597, 090604,   14.0,  1975.9,
0870200219, 092597, 090440,   25.2,  1976.4,
0870200217, 092597, 090208,   44.7,  1975.1,
0870200216, 092597, 090042,   59.6,  1974.7,
0870200215, 092597, 085908,   75.5,  1971.5,
0870200214, 092597, 085804,   84.6,  1972.8,
0870200213, 092597, 085700,   93.9,  1974.8,
0870200212, 092597, 085544,  104.6,  1978.1,
0870200211, 092597, 085440,  114.1,  1985.4,
0870200210, 092597, 085332,  125.0,  1991.1,
0870200208, 092597, 085100,  149.6,  2005.9,
0870200207, 092597, 084950,  160.1,  2017.5,
0870200206, 092597, 084840,  174.3,  2026.1,
0870200205, 092597, 084730,  184.7,  2030.8,
0870200204, 092597, 084616,  198.4,  2021.9,
0880200221, 120597, 050854,    5.3,  1975.7,
0880200220, 120597, 050746,   14.6,  1975.4,
0880200219, 120597, 050632,   25.3,  1975.7,
0880200218, 120597, 050524,   33.2,  1975.3,
0880200217, 120597, 050412,   43.6,  1975.5,
0880200216, 120597, 050305,   59.4,  1975.9,
0880200215, 120597, 050152,   73.8,  1975.3,
0880200214, 120597, 050045,   84.5,  1976.1,
0880200213, 120597, 045942,   95.3,  1976.7,
0880200212, 120597, 045828,  106.7,  1976.6,
0880200211, 120597, 045717,  115.2,  1976.9,
0880200210, 120597, 045609,  124.5,  1995.0,
0880200209, 120597, 045507,  134.0,  2002.0,
0880200208, 120597, 045353,  148.7,  2016.4,
0880200207, 120597, 045255,  159.4,  2026.2,
0880200206, 120597, 045143,  173.6,  2037.6,
0880200205, 120597, 045035,  185.2,  2040.8,
0890200622, 011198, 070203,    4.6,  1980.0,
0890200621, 011198, 070037,   14.7,  1982.2,
0890200619, 011198, 065903,   24.6,  1984.1,
0890200618, 011198, 065743,   34.6,  1986.3,
0890200617, 011198, 065623,   43.6,  1991.7,
0890200616, 011198, 065443,   59.1,  1990.2,
0890200615, 011198, 065317,   75.3,  1990.2,
0890200614, 011198, 065203,   84.9,  1993.7,
0890200613, 011198, 065053,   94.8,  1997.9,
0890200612, 011198, 064953,  104.3,  2006.7,
0890200611, 011198, 064843,  114.7,  2013.0,
0890200610, 011198, 064733,  124.4,  2018.1,
0890200609, 011198, 064627,  134.7,  2026.1,
0890200608, 011198, 064517,  149.4,  2026.8,
0890200607, 011198, 064413,  159.8,  2033.0,
0890200606, 011198, 064257,  173.6,  2033.8,
0890200605, 011198, 064141,  185.1,  2039.9,
0900200522, 021998, 060516,    5.1,  1991.6,
0900200521, 021998, 060402,   13.8,  1990.3,
0900200519, 021998, 060222,   24.5,  1991.0,
0900200518, 021998, 060042,   34.9,  1991.9,
0900200517, 021998, 055926,   44.6,  1990.1,
0900200516, 021998, 055752,   59.5,  1993.0,
0900200515, 021998, 055616,   74.0,  1996.7,
0900200514, 021998, 055502,   84.6,  1998.8,
0900200513, 021998, 055348,   94.5,  2005.1,
0900200512, 021998, 055232,  105.2,  2009.6,
0900200511, 021998, 055116,  116.1,  2017.8,
0900200510, 021998, 054952,  125.8,  2022.4,
0900200509, 021998, 054832,  135.0,  2025.9,
0900200508, 021998, 054712,  149.0,  2029.6,
0900200507, 021998, 054552,  161.0,  2038.5,
0900200506, 021998, 054422,  174.2,  2034.7,
0900200505, 021998, 054302,  184.9,  2035.1,
0900200504, 021998, 054146,  199.8,  2036.2,
0910200618, 031898, 070002,   34.9,  1979.9,
0910200617, 031898, 065852,   44.9,  1980.6,
0910200616, 031898, 065732,   59.7,  1981.5,
0910200615, 031898, 065612,   74.6,  1988.2,
0910200614, 031898, 065502,   85.0,  1989.1,
0910200613, 031898, 065358,   94.5,  1996.8,
0910200612, 031898, 065252,  105.1,  2000.2,
0910200611, 031898, 065138,  114.7,  2003.7,
0910200610, 031898, 065032,  124.6,  2003.1,
0910200609, 031898, 064922,  134.1,  2004.1,
0910200608, 031898, 064808,  149.3,  2007.8,
0910200607, 031898, 064702,  159.7,  2023.4,
0910200606, 031898, 064548,  174.8,  2029.7,
0910200605, 031898, 064428,  184.7,  2034.5,
0920200622, 041598, 070718,    5.1,  1991.4,
0920200619, 041598, 070502,   25.1,  1991.3,
0920200618, 041598, 070404,   34.1,  1991.2,
0920200617, 041598, 070304,   45.5,  1992.0,
0920200616, 041598, 070148,   60.3,  1993.8,
0920200615, 041598, 070034,   74.3,  1991.9,
0920200614, 041598, 065920,   84.6,  1992.9,
0920200613, 041598, 065818,   94.1,  1995.3,
0920200612, 041598, 065718,  104.3,  2000.9,
0920200611, 041598, 065618,  114.2,  2006.8,
0920200610, 041598, 065518,  124.9,  2007.8,
0920200608, 041598, 065318,  148.8,  2008.8,
0920200607, 041598, 065218,  157.9,  2006.9,
0920200606, 041598, 065104,  177.1,  2009.8,
0920200605, 041598, 064936,  190.6,  2031.0,
0930200623, 051398, 070757,    4.3,  1994.1,
0930200620, 051398, 070504,   24.9,  1996.6,
0930200618, 051398, 070348,   35.1,  1996.1,
0930200617, 051398, 070242,   44.7,  1995.7,
0930200616, 051398, 070122,   59.8,  1997.6,
0930200615, 051398, 070007,   74.6,  1997.5,
0930200614, 051398, 065852,   85.8,  1997.6,
0930200613, 051398, 065746,   94.7,  1998.9,
0930200612, 051398, 065634,  104.8,  2000.7,
0930200611, 051398, 065527,  115.4,  2003.6,
0930200610, 051398, 065422,  125.2,  2006.6,
0930200609, 051398, 065312,  134.1,  2015.3,
0930200608, 051398, 065151,  151.0,  2019.2,
0930200607, 051398, 065043,  160.1,  2023.2,
0930200606, 051398, 064926,  174.8,  2024.1,
0930200605, 051398, 064809,  187.6,  2024.0,
0940200323, 061798, 081234,    5.7,  1994.6,
0940200321, 061798, 081124,   14.9,  1994.7,
0940200320, 061798, 080955,   25.3,  1995.1,
0940200318, 061798, 080829,   35.7,  1994.2,
0940200317, 061798, 080724,   45.9,  1994.2,
0940200316, 061798, 080609,   60.4,  1992.0,
0940200315, 061798, 080449,   74.7,  1995.2,
0940200314, 061798, 080329,   84.9,  1997.2,
0940200313, 061798, 080219,   95.1,  1999.9,
0940200312, 061798, 080109,  105.4,  2002.6,
0940200311, 061798, 075959,  115.9,  2006.2,
0940200310, 061798, 075849,  125.8,  2010.5,
0940200309, 061798, 075739,  135.5,  2016.4,
0940200308, 061798, 075624,  150.4,  2021.1,
0940200307, 061798, 075504,  160.0,  2023.1,
0940200306, 061798, 075344,  175.4,  2027.5,
0940200305, 061798, 075229,  185.6,  2029.1,
0950200323, 071598, 081005,    5.6,  2000.2,
0950200319, 071598, 080700,   25.3,  2000.0,
0950200318, 071598, 080543,   36.0,  2000.1,
0950200317, 071598, 080427,   45.2,  2000.7,
0950200316, 071598, 080304,   61.1,  2004.4,
0950200315, 071598, 080131,   75.6,  2010.8,
0950200314, 071598, 080002,   84.8,  2014.7,
0950200313, 071598, 075850,   95.7,  2017.9,
0950200312, 071598, 075728,  105.4,  2013.3,
0950200311, 071598, 075600,  114.9,  2016.8,
0950200310, 071598, 075436,  125.4,  2020.2,
0950200309, 071598, 075310,  135.6,  2024.2,
0950200308, 071598, 075137,  150.8,  2027.8,
0950200307, 071598, 075011,  160.0,  2029.7,
0950200306, 071598, 074836,  174.5,  2031.7,
0950200305, 071598, 074720,  185.3,  2031.9,
0960200323, 081098, 070736,    5.3,  1983.3,
0960200320, 081098, 070459,   25.9,  1983.8,
0960200318, 081098, 070335,   35.5,  1990.9,
0960200317, 081098, 070222,   46.1,  1996.8,
0960200316, 081098, 070050,   60.6,  2004.2,
0960200315, 081098, 065930,   75.1,  2008.2,
0960200314, 081098, 065820,   85.3,  2010.7,
0960200313, 081098, 065701,   95.2,  2014.2,
0960200312, 081098, 065550,  105.6,  2021.3,
0960200311, 081098, 065440,  114.7,  2021.7,
0960200310, 081098, 065330,  125.4,  2026.9,
0960200309, 081098, 065151,  136.3,  2030.5,
0960200308, 081098, 065020,  150.2,  2026.8,
0960200307, 081098, 064915,  159.9,  2032.9,
0960200306, 081098, 064755,  176.0,  2038.6,
0960200305, 081098, 064640,  186.5,  2037.4,
0960200304, 081098, 064516,  199.7,  2038.3,
0970200322, 092898, 080422,    5.0,  1993.9,
0970200319, 092898, 080157,   25.9,  1991.9,
0970200318, 092898, 080047,   35.8,  1991.7,
0970200317, 092898, 075937,   45.7,  1991.7,
0970200316, 092898, 075817,   59.8,  1993.3,
0970200315, 092898, 075707,   75.0,  1992.1,
0970200314, 092898, 075557,   85.8,  1998.1,
0970200313, 092898, 075452,   94.8,  2002.3,
0970200312, 092898, 075342,  105.5,  2010.9,
0970200311, 092898, 075237,  115.5,  2015.9,
0970200310, 092898, 075132,  125.7,  2024.0,
0970200309, 092898, 075022,  135.3,  2028.6,
0970200308, 092898, 074912,  149.9,  2029.4,
0970200307, 092898, 074752,  160.7,  2030.9,
0970200306, 092898, 074637,  175.5,  2032.5,
0970200305, 092898, 074532,  185.1,  2034.4,
0980200623, 101998, 080425,    4.8,  1987.1,
0980200621, 101998, 080310,   14.9,  1986.2,
0980200620, 101998, 080200,   25.4,  1987.2,
0980200618, 101998, 080055,   35.0,  1986.5,
0980200617, 101998, 075950,   45.1,  1986.9,
0980200616, 101998, 075850,   60.1,  1991.9,
0980200615, 101998, 075741,   74.8,  2000.6,
0980200614, 101998, 075640,   85.8,  2003.4,
0980200613, 101998, 075545,   95.4,  2009.6,
0980200612, 101998, 075440,  105.2,  2007.4,
0980200611, 101998, 075330,  115.0,  2015.2,
0980200610, 101998, 075220,  125.7,  2021.3,
0980200609, 101998, 075120,  134.9,  2026.4,
0980200608, 101998, 075020,  149.9,  2027.8,
0980200607, 101998, 074920,  161.3,  2030.9,
0980200606, 101998, 074810,  175.2,  2030.8,
0980200605, 101998, 074710,  185.0,  2033.4,
0990200623, 111198, 070350,    5.5,  1996.5,
0990200621, 111198, 070233,   15.6,  1997.1,
0990200620, 111198, 070128,   25.5,  1996.3,
0990200618, 111198, 070011,   35.6,  1996.5,
0990200617, 111198, 065903,   45.7,  1998.7,
0990200616, 111198, 065742,   60.4,  1998.7,
0990200615, 111198, 065622,   75.7,  2001.5,
0990200614, 111198, 065507,   85.6,  2006.0,
0990200613, 111198, 065358,   95.5,  2010.6,
0990200612, 111198, 065246,  105.3,  2014.7,
0990200611, 111198, 065136,  115.5,  2024.4,
0990200610, 111198, 065025,  125.5,  2025.3,
0990200609, 111198, 064916,  135.4,  2030.0,
0990200608, 111198, 064758,  150.7,  2033.2,
0990200607, 111198, 064648,  160.3,  2035.5,
0990200606, 111198, 064526,  175.4,  2038.7,
0990200605, 111198, 064419,  185.4,  2043.8,
1000200623, 120998, 090212,    5.9,  1996.8,
1000200621, 120998, 090051,   15.7,  1996.6,
1000200619, 120998, 085942,   25.7,  1996.5,
1000200618, 120998, 085842,   30.2,  1996.5,
1000200617, 120998, 085727,   45.8,  1996.5,
1000200616, 120998, 085616,   60.0,  1997.3,
1000200615, 120998, 085456,   75.6,  1998.3,
1000200614, 120998, 085336,   85.6,  1998.5,
1000200613, 120998, 085232,   95.8,  1998.4,
1000200612, 120998, 085126,  105.6,  2002.3,
1000200611, 120998, 085022,  115.0,  2014.0,
1000200610, 120998, 084917,  126.3,  2019.6,
1000200609, 120998, 084807,  136.7,  2025.9,
1000200608, 120998, 084642,  150.9,  2030.1,
1000200607, 120998, 084542,  160.5,  2032.2,
1000200606, 120998, 084426,  175.5,  2034.2,
1000200605, 120998, 084322,  186.2,  2036.4,
1010200622, 011399, 095757,    5.2,  1998.5,
1010200621, 011399, 095657,   15.0,  1998.2,
1010200619, 011399, 095552,   24.9,  1998.9,
1010200618, 011399, 095452,   35.8,  1999.2,
1010200617, 011399, 095352,   44.9,  1996.8,
1010200616, 011399, 095252,   59.5,  1997.6,
1010200615, 011399, 095132,   74.6,  1997.9,
1010200614, 011399, 095033,   84.8,  1997.9,
1010200613, 011399, 094932,   94.9,  1998.9,
1010200612, 011399, 094832,  105.4,  1998.4,
1010200611, 011399, 094732,  114.4,  2002.5,
1010200610, 011399, 094633,  125.6,  2008.1,
1010200609, 011399, 094532,  133.6,  2011.5,
1010200608, 011399, 094432,  150.0,  2023.8,
1010200607, 011399, 094332,  160.6,  2031.8,
1010200606, 011399, 094232,  175.6,  2035.9,
1010200605, 011399, 094132,  184.4,  2040.3,
1010200604, 011399, 094032,  199.7,  2039.0,
1020200422, 021899, 092754,    5.1,  2006.0,
1020200421, 021899, 092649,   16.1,  2007.7,
1020200419, 021899, 092538,   26.1,  2005.5,
1020200418, 021899, 092434,   35.2,  2004.7,
1020200417, 021899, 092334,   45.5,  2005.7,
1020200416, 021899, 092229,   60.9,  2006.2,
1020200415, 021899, 092129,   76.1,  2009.7,
1020200414, 021899, 092029,   85.9,  2007.7,
1020200413, 021899, 091929,   96.7,  2007.9,
1020200412, 021899, 091828,  105.6,  2016.0,
1020200411, 021899, 091729,  115.9,  2012.3,
1020200410, 021899, 091630,  126.0,  2013.1,
1020200409, 021899, 091529,  135.5,  2016.6,
1020200408, 021899, 091424,  150.8,  2035.3,
1020200407, 021899, 091323,  161.1,  2041.5,
1020200406, 021899, 091215,  175.6,  2041.5,
1020200405, 021899, 091114,  185.3,  2043.7,
1030200622, 031799, 080014,    5.3,  1982.7,
1030200621, 031799, 075904,   15.7,  1984.4,
1030200619, 031799, 075742,   25.7,  1987.5,
1030200618, 031799, 075643,   33.8,  1987.6,
1030200617, 031799, 075535,   45.4,  1987.4,
1030200616, 031799, 075418,   60.7,  1989.7,
1030200615, 031799, 075303,   75.3,  1997.1,
1030200614, 031799, 075153,   85.8,  2002.1,
1030200613, 031799, 075046,   94.1,  2001.8,
1030200612, 031799, 074937,  105.5,  1995.9,
1030200611, 031799, 074837,  115.1,  2007.0,
1030200610, 031799, 074733,  125.6,  2009.1,
1030200609, 031799, 074624,  135.8,  2007.1,
1030200608, 031799, 074517,  150.6,  2013.8,
1030200607, 031799, 074411,  160.4,  2032.4,
1030200606, 031799, 074255,  176.3,  2031.8,
1030200605, 031799, 074146,  187.1,  2034.2,
1040200712, 041499, 070218,    5.3,  2009.3,
1040200711, 041499, 065817,  179.9,  2021.3,
1040200823, 041499, 095713,    4.7,  2000.9,
1040200822, 041499, 095614,   14.9,  1999.6,
1040200820, 041499, 095503,   25.1,  2000.3,
1040200819, 041499, 095404,   35.4,  2002.7,
1040200818, 041499, 095309,   45.3,  2007.7,
1040200817, 041499, 095205,   59.0,  2007.7,
1040200816, 041499, 095058,   75.1,  2007.7,
1040200815, 041499, 094959,   85.0,  2010.8,
1040200814, 041499, 094854,   95.4,  2004.8,
1040200813, 041499, 094749,  104.2,  2010.5,
1040200812, 041499, 094704,  114.2,  2012.2,
1040200811, 041499, 094613,  124.0,  2015.4,
1040200810, 041499, 094518,  135.6,  2011.7,
1040200809, 041499, 094418,  149.4,  2020.4,
1040200808, 041499, 094318,  174.5,  2023.3,
1040200807, 041499, 094204,  199.1,  2019.4,
1050200623, 051099, 080157,    5.3,  2007.8,
1050200621, 051099, 080052,   15.1,  2009.8,
1050200620, 051099, 075952,   24.5,  2007.1,
1050200618, 051099, 075847,   34.9,  2006.0,
1050200617, 051099, 075746,   44.8,  2005.6,
1050200616, 051099, 075646,   59.7,  2013.4,
1050200615, 051099, 075546,   75.7,  2017.5,
1050200614, 051099, 075446,   85.8,  2017.5,
1050200613, 051099, 075347,   95.3,  2019.4,
1050200612, 051099, 075247,  104.6,  2026.0,
1050200611, 051099, 075146,  114.7,  2029.1,
1050200610, 051099, 075047,  124.9,  2026.7,
1050200609, 051099, 074946,  135.2,  2034.4,
1050200608, 051099, 074842,  150.1,  2039.7,
1050200607, 051099, 074742,  160.5,  2054.9,
1050200606, 051099, 074632,  177.2,  2051.2,
1050200605, 051099, 074532,  186.7,  2051.8,
1050200604, 051099, 074432,  197.8,  2060.1,
1060200623, 071499, 080220,    4.2,  1971.1,
1060200620, 071499, 075931,   24.8,  1971.7,
1060200618, 071499, 075810,   33.8,  1972.3,
1060200617, 071499, 075640,   44.4,  1971.8,
1060200616, 071499, 075530,   59.4,  1972.4,
1060200615, 071499, 075415,   73.9,  1981.1,
1060200614, 071499, 075310,   84.0,  1984.5,
1060200613, 071499, 075151,   95.0,  1994.3,
1060200612, 071499, 075030,  104.6,  1998.7,
1060200611, 071499, 074920,  113.8,  2005.5,
1060200610, 071499, 074820,  124.2,  2013.4,
1060200609, 071499, 074730,  134.3,  2015.9,
1060200608, 071499, 074620,  149.5,  2015.5,
1060200607, 071499, 074525,  159.1,  2015.3,
1060200606, 071499, 074420,  174.2,  2015.3,
1060200605, 071499, 074310,  184.6,  2014.1,
1070200922, 081499, 075717,    4.6,  1992.3,
1070200921, 081499, 075613,   14.0,  1993.0,
1070200919, 081499, 075501,   25.0,  1992.1,
1070200918, 081499, 075358,   34.6,  1995.0,
1070200917, 081499, 075257,   44.4,  1996.9,
1070200916, 081499, 075142,   60.0,  1997.4,
1070200915, 081499, 075021,   75.0,  2006.7,
1070200914, 081499, 074925,   84.2,  2012.4,
1070200913, 081499, 074824,   94.7,  2016.8,
1070200912, 081499, 074720,  104.7,  2027.5,
1070200911, 081499, 074621,  114.6,  2038.7,
1070200910, 081499, 074523,  124.5,  2036.4,
1070200909, 081499, 074423,  134.6,  2045.0,
1070200908, 081499, 074313,  149.7,  2056.7,
1070200907, 081499, 074212,  158.9,  2056.8,
1070200906, 081499, 074102,  174.6,  2055.9,
1070200905, 081499, 074001,  183.6,  2053.3,
1080200622, 101599, 085501,    5.0,  1981.8,
1080200619, 101599, 085241,   24.6,  1981.1,
1080200618, 101599, 085141,   34.9,  1979.7,
1080200617, 101599, 085041,   44.2,  1982.6,
1080200616, 101599, 084931,   59.4,  1980.7,
1080200615, 101599, 084832,   74.1,  1982.0,
1080200614, 101599, 084727,   84.5,  1981.0,
1080200613, 101599, 084632,   94.5,  1987.5,
1080200612, 101599, 084527,  105.3,  1992.6,
1080200611, 101599, 084427,  114.5,  2000.4,
1080200610, 101599, 084321,  123.8,  2002.2,
1080200609, 101599, 084227,  134.2,  2020.8,
1080200608, 101599, 084126,  149.7,  2032.2,
1080200607, 101599, 084032,  159.9,  2037.3,
1080200606, 101599, 083926,  174.9,  2040.2,
1080200605, 101599, 083832,  184.3,  2040.5,
1080200604, 101599, 083731,  200.0,  2042.1,
1090200623, 110999, 065642,    5.1,  1994.0,
1090200620, 110999, 065442,   25.4,  1995.3,
1090200619, 110999, 065436,   25.3,  1994.2,
1090200618, 110999, 065341,   35.0,  1988.5,
1090200617, 110999, 065246,   45.1,  1988.6,
1090200616, 110999, 065146,   60.1,  1991.4,
1090200615, 110999, 065047,   74.9,  2000.5,
1090200614, 110999, 064951,   84.4,  2009.6,
1090200613, 110999, 064852,   94.5,  2023.8,
1090200612, 110999, 064752,  104.1,  2030.4,
1090200611, 110999, 064651,  114.5,  2033.1,
1090200610, 110999, 064551,  124.4,  2038.7,
1090200609, 110999, 064456,  135.0,  2040.4,
1090200608, 110999, 064356,  150.1,  2041.8,
1090200607, 110999, 064257,  159.8,  2043.2,
1090200606, 110999, 064156,  174.7,  2044.2,
1090200605, 110999, 064056,  185.2,  2045.8,
1090200604, 110999, 063951,  199.5,  2048.8,
1100200622, 121599, 075531,    4.5,  1992.8,
1100200620, 121599, 075341,   24.3,  1995.0,
1100200618, 121599, 075241,   34.5,  1992.2,
1100200617, 121599, 075146,   44.8,  1992.5,
1100200616, 121599, 075046,   59.6,  1992.9,
1100200615, 121599, 074945,   74.5,  1996.8,
1100200614, 121599, 074851,   84.3,  1995.0,
1100200613, 121599, 074801,   93.8,  2000.3,
1100200612, 121599, 074705,  104.6,  2007.8,
1100200611, 121599, 074616,  114.3,  2021.6,
1100200610, 121599, 074516,  124.8,  2022.5,
1100200609, 121599, 074421,  135.3,  2037.8,
1100200608, 121599, 074316,  149.6,  2043.6,
1100200607, 121599, 074216,  160.1,  2044.2,
1100200606, 121599, 074116,  174.6,  2050.2,
1100200605, 121599, 074016,  185.6,  2053.5,
1110200623, 020300, 070634,    4.4,  2001.1,
1110200620, 020300, 070335,   24.6,  2001.6,
1110200617, 020300, 070044,   44.7,  2001.2,
1110200615, 020300, 065732,   74.7,  2000.8,
1110200613, 020300, 065442,   94.3,  1975.9,
1110200612, 020300, 065325,  104.5,  1962.3,
1110200611, 020300, 065154,  114.3,  1972.2,
1110200608, 020300, 064738,  150.1,  2035.9,
1120200723, 030100, 065608,    4.5,  1994.6,
1120200720, 030100, 065359,   25.0,  1994.5,
1120200718, 030100, 065243,   34.3,  1995.6,
1120200717, 030100, 065139,   45.7,  1995.5,
1120200715, 030100, 064934,   75.6,  2007.0,
1120200712, 030100, 064629,  105.5,  2026.7,
1120200708, 030100, 064234,  148.6,  2036.6,
1130200623, 032900, 075450,    4.6,  2000.2,
1130200620, 032900, 075241,   23.5,  2000.5,
1130200617, 032900, 075031,   44.7,  2000.9,
1130200615, 032900, 074821,   74.2,  2004.0,
1130200612, 032900, 074526,  103.9,  2008.7,
1130200608, 032900, 074121,  149.3,  2033.0,
1140200623, 042600, 075947,    4.9,  1980.5,
1140200620, 042600, 075719,   25.1,  1981.2,
1140200617, 042600, 075502,   44.7,  1983.1,
1140200615, 042600, 075153,   75.0,  1995.4,
1140200612, 042600, 074843,  104.0,  2009.2,
1140200608, 042600, 074423,  149.3,  2025.3,
1150200623, 052400, 075823,    4.8,  1980.4,
1150200621, 052400, 075608,   25.1,  1980.4,
1150200617, 052400, 075335,   45.3,  1982.5,
1150200615, 052400, 075120,   74.1,  1998.8,
1150200612, 052400, 074814,  104.2,  2008.8,
1150200608, 052400, 074357,  150.2,  2017.1,
1150200604, 052400, 073930,  199.4,  2037.0,
1160200723, 062100, 080031,    4.7,  1989.4,
1160200720, 062100, 075747,   24.7,  1989.0,
1160200717, 062100, 075526,   44.4,  1985.2,
1160200715, 062100, 075255,   74.8,  2006.0,
1160200712, 062100, 074927,  104.1,  2002.7,
1160200708, 062100, 074507,  149.8,  2024.1,
1170200523, 072600, 080759,    4.3,  1984.9,
1170200520, 072600, 080448,   23.7,  1989.0,
1170200517, 072600, 080206,   45.0,  1992.0,
1170200515, 072600, 075924,   75.1,  1997.8,
1170200512, 072600, 075532,  106.0,  2007.4,
1170200508, 072600, 074908,  150.1,  2034.5,
1170200504, 072600, 074422,  199.6,  2049.9,
1180200723, 082300, 065641,    5.1,  1990.7,
1180200720, 082300, 065425,   24.7,  1994.0,
1180200717, 082300, 065214,   44.9,  1994.7,
1180200715, 082300, 065010,   73.9,  2002.7,
1180200712, 082300, 064652,  105.3,  2014.0,
1180200708, 082300, 064238,  149.0,  2030.5,
1190200721, 101800, 100530,    4.8,  1991.4,
1190200718, 101800, 100251,   24.9,  1992.9,
1190200715, 101800, 100010,   44.7,  1992.5,
1190200713, 101800, 095723,   75.0,  1993.0,
1190200711, 101800, 095449,   99.7,  2015.5,
1190200707, 101800, 094927,  151.3,  2033.7,
1200200616, 113000, 065443,   44.8,  1981.8,
1200200612, 113000, 064949,   99.6,  1997.8,
1200200609, 113000, 064555,  150.1,  2030.6,
1200200710, 113000, 094559,    4.4,  1980.4,
1200200709, 113000, 094431,   24.3,  1979.6,
1210200818, 122000, 095546,    4.6,  1975.2,
1210200815, 122000, 095324,   23.9,  1972.0,
1210200813, 122000, 095118,   45.3,  1972.4,
1210200811, 122000, 094904,   72.8,  1980.9,
1210200809, 122000, 094637,   99.3,  1993.2,
1210200806, 122000, 094226,  150.4,  2018.3,
1210200803, 122000, 093908,  199.6,  2037.8,
1220200618, 011701, 064943,    4.2,  1982.8,
1220200615, 011701, 064734,   23.3,  1984.7,
1220200613, 011701, 064552,   43.2,  1983.4,
1220200611, 011701, 064400,   74.1,  1979.8,
1220200609, 011701, 064212,   98.4,  1990.4,
1220200606, 011701, 063909,  148.5,  1996.6,
1220200603, 011701, 063600,  198.9,  2045.7,
1230200319, 021501, 031618,    4.2,  2000.0,
1230200316, 021501, 031356,   25.0,  1998.9,
1230200314, 021501, 031205,   43.9,  1995.9,
1230200312, 021501, 031005,   73.8,  2001.4,
1230200310, 021501, 030705,   99.1,  2020.5,
1230200307, 021501, 030310,  151.3,  2039.4,
1230200304, 021501, 025905,  198.4,  2055.7,
1240200121, 032101, 013848,    4.1,  1984.1,
1240200116, 032101, 013343,   44.2,  1986.6,
1240200114, 032101, 013101,   73.4,  1996.5,
1240200112, 032101, 012748,   98.6,  1999.0,
1240200109, 032101, 012354,  148.5,  2043.2,
1240200105, 032101, 011925,  174.0,  2049.2,
1250200618, 041801, 065724,   13.6,  1990.4,
1250200615, 041801, 065520,   33.8,  1990.3,
1250200613, 041801, 065325,   59.3,  1991.1,
1250200611, 041801, 065125,   83.8,  1991.5,
1250200609, 041801, 064910,  114.0,  1997.0,
1250200606, 041801, 064445,  163.4,  2021.8,
1260201218, 051701, 220019,    3.9,  1994.7,
1260201215, 051701, 215810,   24.3,  1995.6,
1260201213, 051701, 215539,   43.6,  2000.1,
1260201211, 051701, 215314,   73.8,  2005.2,
1260201209, 051701, 215058,   99.7,  2010.3,
1260201206, 051701, 214739,  148.8,  2038.7,
1270200620, 061401, 065807,    3.5,  1988.2,
1270200616, 061401, 065533,   24.2,  1989.0,
1270200614, 061401, 065303,   44.0,  1997.1,
1270200612, 061401, 065012,   73.9,  2001.5,
1270200610, 061401, 064756,   99.5,  2003.3,
1270200607, 061401, 064359,  148.7,  2016.7,
1270200604, 061401, 064001,  199.8,  2047.1,
1280200520, 071101, 065150,    4.8,  1972.6,
1280200516, 071101, 064935,   24.3,  1974.6,
1280200514, 071101, 064726,   44.6,  1979.7,
1280200512, 071101, 064520,   75.4,  1995.5,
1280200510, 071101, 064325,   99.9,  2002.5,
1280200507, 071101, 064011,  148.9,  2016.8,
1280200504, 071101, 063706,  199.7,  2039.9,
1290200619, 080801, 035517,    4.3,  1985.3,
1290200616, 080801, 035249,   25.0,  1985.9,
1290200613, 080801, 035018,   44.5,  1985.0,
1290200611, 080801, 034749,   74.3,  1994.5,
1290200609, 080801, 034531,   99.9,  2006.5,
1290200606, 080801, 034133,  149.6,  2029.4,
1290200603, 080801, 033743,  199.1,  2053.2,
1290201517, 080901, 065019,  198.6,  2047.6,
1300200619, 100201, 071731,    5.5,  1986.2,
1300200616, 100201, 071441,   25.0,  1986.3,
1300200614, 100201, 071221,   44.9,  1985.3,
1300200612, 100201, 070916,   75.4,  2000.5,
1300200610, 100201, 070616,  100.2,  2015.4,
1300200607, 100201, 070146,  150.0,  2035.1,
1310200618, 102301, 065730,    5.1,  1993.9,
1310200613, 102301, 065215,   45.9,  1983.2,
1310200611, 102301, 064935,   75.7,  1983.8,
1310200609, 102301, 064658,   99.4,  2007.5,
1310200605, 102301, 064120,  164.5,  2044.5,
1320200217, 111601, 190425,  123.3,  2020.4,
1320200618, 111701, 070339,    4.6,  1982.6,
1320200615, 111701, 070114,   24.3,  1982.7,
1320200613, 111701, 065904,   44.2,  1985.4,
1320200611, 111701, 065629,   74.5,  1985.8,
1320200609, 111701, 065344,  100.6,  1996.2,
1320200606, 111701, 064859,  150.1,  2036.5,
1320200603, 111701, 064409,  198.9,  2052.0,
1330200118, 121501, 065117,    3.9,  1990.9,
1330200115, 121501, 064841,   24.0,  1990.6,
1330200113, 121501, 064547,   44.8,  1991.3,
1330200111, 121501, 064257,   73.3,  2013.3,
1330200109, 121501, 063957,   99.1,  2032.6,
1330200106, 121501, 063557,  147.8,  2041.0,
1330200103, 121501, 063134,  197.0,  2054.4,
1340200618, 011602, 065559,    4.1,  1998.5,
1340200615, 011602, 065319,   24.6,  1997.6,
1340200613, 011602, 065046,   44.2,  1998.1,
1340200611, 011602, 064754,   75.3,  1998.5,
1340200609, 011602, 064519,   97.9,  1998.4,
1340200606, 011602, 064109,  149.0,  2027.6,
1340200603, 011602, 063714,  198.1,  2036.8,
1350200618, 022102, 065650,    4.3,  1997.1,
1350200616, 022102, 065500,   25.6,  1997.7,
1350200613, 022102, 065300,   44.1,  1998.4,
1350200611, 022102, 065035,   73.5,  2003.2,
1350200609, 022102, 064820,   98.7,  2024.9,
1350200606, 022102, 064425,  152.3,  2044.5,
1360200718, 031302, 065414,    4.2,  2006.0,
1360200715, 031302, 065144,   24.8,  2008.0,
1360200713, 031302, 064935,   44.1,  2008.5,
1360200711, 031302, 064733,   74.5,  2008.3,
1360200709, 031302, 064518,   99.9,  2009.0,
1360200706, 031302, 064147,  148.5,  2041.0,
1370200618, 052102, 065251,    4.6,  1975.1,
1370200615, 052102, 065050,   24.3,  1981.5,
1370200613, 052102, 064900,   44.6,  2004.1,
1370200611, 052102, 064716,   74.4,  2010.2,
1370200609, 052102, 064535,   99.6,  2020.7,
1370200606, 052102, 064236,  150.4,  2041.5,
1380200519, 063002, 015722,    4.1,  1970.3,
1380200516, 063002, 015508,   24.2,  1972.3,
1380200514, 063002, 015402,   34.4,  1974.4,
1380200512, 063002, 015152,   59.3,  1999.9,
1380200510, 063002, 014937,   84.7,  2012.2,
1380200507, 063002, 014617,  124.2,  2030.6,
1380200504, 063002, 014244,  174.7,  2056.6,
1390200618, 082802, 072140,    5.3,  1969.2,
1390200615, 082802, 071920,   25.4,  1970.9,
1390200613, 082802, 071715,   44.6,  1973.9,
1390200611, 082802, 071430,   75.4,  1992.7,
1390200609, 082802, 071200,   99.4,  2006.5,
1390200606, 082802, 070720,  150.3,  2037.8,
1400200619, 100702, 065410,    4.9,  1967.6,
1400200615, 100702, 065150,   24.3,  1968.1,
1400200613, 100702, 064950,   44.3,  1967.8,
1400200611, 100702, 064750,   77.3,  1981.8,
1400200609, 100702, 064535,   98.7,  2000.9,
1400200606, 100702, 064150,  149.1,  2026.5,
1410200718, 110402, 095717,    4.6,  1974.0,
1410200715, 110402, 095457,   25.1,  1974.0,
1410200714, 110402, 095357,   35.4,  1975.1,
1410200711, 110402, 095108,   75.1,  2006.9,
1410200709, 110402, 094858,  100.8,  2027.2,
1410200706, 110402, 094508,  149.2,  2051.4,
1420200718, 112502, 101005,    3.7,  1981.0,
1420200715, 112502, 100725,   25.1,  1981.2,
1420200713, 112502, 100455,   43.7,  1986.9,
1420200711, 112502, 100135,   76.1,  1988.9,
1420200709, 112502, 095845,   97.7,  2015.6,
1420200706, 112502, 095345,  146.3,  2039.2,
1430200718, 121902, 095929,    5.0,  1986.3,
1430200715, 121902, 095729,   25.0,  1986.5,
1430200713, 121902, 095544,   44.6,  1986.6,
1430200711, 121902, 095334,   75.3,  1992.2,
1430200709, 121902, 095129,  100.5,  2017.2,
1430200706, 121902, 094814,  149.8,  2032.8,
1440200618, 011703, 095502,    4.2,  1995.1,
1440200615, 011703, 095312,   24.9,  1995.1,
1440200613, 011703, 095138,   45.1,  1995.5,
1440200611, 011703, 094903,   74.6,  1994.8,
1440200609, 011703, 094708,   99.3,  1995.3,
1440200606, 011703, 094418,  148.8,  2034.7,
1450200718, 022603, 095707,    4.5,  1997.2,
1450200715, 022603, 095458,   24.0,  1996.9,
1450200713, 022603, 095247,   44.7,  1997.2,
1450200711, 022603, 095028,   73.1,  1997.2,
1450200709, 022603, 094757,   99.2,  1999.9,
1450200706, 022603, 094358,  149.5,  2019.9,
1460200718, 032903, 101044,    9.8,  1998.0,
1460200715, 032903, 100759,   25.7,  1997.5,
1460200713, 032903, 100539,   44.8,  1999.4,
1460200711, 032903, 100254,   74.0,  2003.8,
1460200709, 032903, 100009,   99.6,  2008.4,
1460200706, 032903, 095509,  149.3,  2029.8,
1470200718, 042403, 095959,    4.9,  1973.6,
1470200715, 042403, 095749,   24.3,  1973.8,
1470200713, 042403, 095539,   44.4,  1974.7,
1470200711, 042403, 095329,   73.9,  2005.1,
1470200709, 042403, 095119,   98.7,  2016.5,
1470200706, 042403, 094745,  149.4,  2037.3,
1480200718, 052103, 095612,    4.6,  1976.2,
1480200715, 052103, 095346,   24.2,  1976.2,
1480200713, 052103, 095142,   45.2,  1980.0,
1480200711, 052103, 094928,   74.2,  1991.7,
1480200706, 052103, 094337,  148.9,  2029.5,
1480200703, 052103, 093958,  199.7,  2047.7,
1490200715, 062003, 100010,   24.9,  1978.2,
1490200713, 062003, 095754,   45.1,  1979.6,
1490200711, 062003, 095509,   74.8,  1999.8,
1490200709, 062003, 095239,   99.5,  2012.1,
1490200706, 062003, 094839,  149.6,  2029.1,
1500200719, 072003, 101350,    4.8,  1988.2,
1500200716, 072003, 101047,   24.9,  1990.5,
1500200714, 072003, 100841,   45.0,  1997.1,
1500200712, 072003, 100607,   74.5,  1998.7,
1500200710, 072003, 100231,   98.7,  2010.2,
1500200707, 072003, 095842,  148.9,  2026.8,
1510200719, 082103, 095708,    4.5,  1966.7,
1510200717, 082103, 095506,   25.3,  1967.3,
1510200714, 082103, 095245,   44.7,  1965.9,
1510200712, 082103, 095030,   74.1,  1968.6,
1510200710, 082103, 094837,  100.1,  1987.7,
1510200707, 082103, 094553,  149.2,  2034.1,
1510200704, 082103, 094252,  198.9,  2044.3,
1520200719, 101503, 100934,    4.6,  1967.7,
1520200716, 101503, 100649,   25.2,  1967.8,
1520200714, 101503, 100419,   45.4,  1968.8,
1520200712, 101503, 100203,   74.2,  1975.5,
1520200710, 101503, 095921,  100.5,  1988.9,
1520200707, 101503, 095444,  150.1,  2021.4,
1530200718, 111003, 102917,    4.8,  1973.2,
1530200715, 111003, 102306,   24.2,  1973.1,
1530200713, 111003, 102042,   43.5,  1973.0,
1530200711, 111003, 101734,   77.3,  1991.5,
1530200709, 111003, 101459,   99.4,  2015.4,
1530200706, 111003, 101050,  151.8,  2044.6,
1540200618, 122003, 101115,    6.5,  1986.9,
1540200613, 122003, 100528,   44.9,  1991.9,
1540200611, 122003, 100243,   75.4,  1998.8,
1540200609, 122003, 100008,  100.5,  2023.7,
1540200606, 122003, 095632,  149.6,  2043.6,
1540200603, 122003, 095209,  199.8,  2052.2,
1550200718, 012204, 095251,    3.6,  1986.4,
1550200715, 012204, 095052,   24.7,  1985.7,
1550200713, 012204, 094900,   43.2,  1985.7,
1550200711, 012204, 094711,   73.5,  1986.1,
1550200709, 012204, 094520,   99.1,  1986.7,
1550200706, 012204, 094225,  148.7,  2034.0,
1560200718, 022504, 095850,    4.7,  1971.1,
1560200715, 022504, 095640,   23.9,  1986.8,
1560200713, 022504, 095351,   45.1,  1994.0,
1560200711, 022504, 095142,   72.9,  1995.3,
1560200709, 022504, 094950,   99.4,  2004.8,
1560200706, 022504, 094630,  148.7,  2038.5,
1570200719, 032004, 102505,    8.0,  1989.3,
1570200716, 032004, 102259,   24.7,  1993.7,
1570200714, 032004, 102044,   46.3,  1993.3,
1570200712, 032004, 101745,   73.6,  1996.2,
1570200710, 032004, 101521,   99.6,  2004.7,
1570200707, 032004, 101130,  149.5,  2041.9,
1570200704, 032004, 100701,  199.8,  2043.5,
1580200719, 042104, 103330,    4.7,  1977.8,
1580200716, 042104, 103010,   24.9,  1978.2,
1580200714, 042104, 102651,   44.4,  1982.7,
1580200712, 042104, 102346,   75.1,  1987.1,
1580200710, 042104, 102030,   99.9,  2002.0,
1580200707, 042104, 101501,  149.4,  2028.0,
1580200704, 042104, 101001,  199.3,  2049.5,
1590200719, 051904, 095636,    3.8,  1953.7,
1590200716, 051904, 095406,   24.2,  1958.6,
1590200714, 051904, 095147,   43.9,  1968.5,
1590200712, 051904, 094923,   73.9,  1984.9,
1590200710, 051904, 094541,   98.3,  2012.6,
1590200707, 051904, 094122,  149.2,  2049.6,
1590200704, 051904, 093722,  198.3,  2051.5,
1600200819, 061604, 095305,    3.8,  1960.9,
1600200816, 061604, 095100,   24.0,  1959.6,
1600200814, 061604, 094850,   44.6,  1959.5,
1600200812, 061604, 094605,   74.0,  1982.4,
1600200810, 061604, 094410,   99.0,  1999.0,
1600200807, 061604, 094114,  149.2,  2020.7,
1600200804, 061604, 093805,  198.5,  2051.2,
1610200322, 071404, 002513,    4.9,  1952.4,
1610200317, 071404, 002158,   43.4,  1952.5,
1610200314, 071404, 001933,   74.4,  1966.1,
1610200311, 071404, 001703,   99.7,  1979.6,
1610200305, 071404, 001242,  149.8,  2017.6,
1610200301, 071404, 000922,  200.0,  2047.6,
1620201119, 081704, 102258,    4.2,  1961.2,
1620201116, 081704, 102057,   24.8,  1961.5,
1620201114, 081704, 101902,   44.8,  1990.3,
1620201112, 081704, 101706,   74.5,  2013.0,
1620201110, 081704, 101512,   99.9,  2025.8,
1620201107, 081704, 101149,  149.6,  2041.1,
1620201104, 081704, 100825,  199.2,  2057.9,
1630200819, 092904, 095158,    4.9,  1957.0,
1630200816, 092904, 094939,   24.4,  1956.5,
1630200814, 092904, 094753,   44.7,  1962.4,
1630200812, 092904, 094558,   73.1,  2000.9,
1630200807, 092904, 093943,  149.5,  2026.7,
1630200804, 092904, 093633,  199.5,  2046.0,
1640200719, 103104, 095221,    5.0,  1981.0,
1640200716, 103104, 095015,   24.5,  1980.5,
1640200714, 103104, 094825,   44.7,  1981.6,
1640200712, 103104, 094625,   75.2,  2001.4,
1640200710, 103104, 094432,   99.4,  2022.1,
1640200707, 103104, 094053,  149.7,  2038.2,
1650200121, 112704, 105447,   30.1,  1962.4,
1650200822, 112804, 095807,    5.0,  1956.8,
1650200818, 112804, 095442,   24.4,  1957.2,
1650200816, 112804, 095219,   44.9,  1983.7,
1650200814, 112804, 094925,   74.9,  2011.1,
1650200810, 112804, 094626,   98.7,  2023.6,
1650200807, 112804, 094223,  148.1,  2039.9,
1660200919, 122104, 101124,    5.1,  1971.5,
1660200916, 122104, 100803,   25.1,  1971.1,
1660200914, 122104, 100451,   44.5,  1971.1,
1660200912, 122104, 100131,   74.9,  1971.1,
1660200907, 122104, 095203,  149.4,  2045.7,
1660200904, 122104, 094622,  199.6,  2062.7,
1670200819, 020205, 101014,    4.7,  1974.9,
1670200816, 020205, 100713,   25.6,  1974.8,
1670200814, 020205, 100414,   45.3,  1975.5,
1670200812, 020205, 100114,   75.3,  1977.5,
1670200810, 020205, 095826,  100.1,  2007.2,
1670200807, 020205, 095341,  151.4,  2048.4,
1670200804, 020205, 094913,  199.6,  2047.5,
1680200819, 030505, 102006,    4.8,  1977.0,
1680200816, 030505, 101709,   25.5,  1976.7,
1680200814, 030505, 101455,   45.0,  1990.3,
1680200812, 030505, 101200,   75.5,  1997.4,
1680200810, 030505, 100935,   99.7,  2023.7,
1680200807, 030505, 100542,  150.8,  2039.4,
1680200804, 030505, 100120,  199.7,  2048.4,
1690200519, 051805, 102306,   10.2,  1976.6,
1690200516, 051805, 101938,   24.7,  1974.5,
1690200514, 051805, 101655,   44.5,  1974.7,
1690200512, 051805, 101327,   74.4,  1984.1,
1690200510, 051805, 100938,  100.2,  1988.4,
1690200507, 051805, 100406,  150.0,  2004.4,
1690200504, 051805, 095843,  199.9,  2043.2,
1700200819, 061505, 102452,    4.5,  1994.6,
1700200816, 061505, 102051,   25.0,  1994.1,
1700200814, 061505, 101732,   45.9,  1994.0,
1700200812, 061505, 101305,   75.3,  2001.4,
1700200810, 061505, 100923,   99.7,  2009.3,
1700200807, 061505, 100314,  150.8,  2049.7,
1710200916, 071705, 103815,   44.9,  1983.5,
1710200911, 071705, 103205,   99.6,  2000.5,
1720200819, 081405, 100313,    4.9,  1979.1,
1720200816, 081405, 100032,   25.0,  1981.9,
1720200814, 081405, 095808,   45.1,  1981.0,
1720200812, 081405, 095538,   75.8,  1990.6,
1720200810, 081405, 095314,  101.1,  1998.4,
1720200807, 081405, 094852,  151.0,  2027.6,
1730200823, 091005, 104239,    5.9,  1980.2,
1730200820, 091005, 103950,   24.0,  1983.9,
1730200818, 091005, 103714,   44.7,  1976.9,
1730200816, 091005, 103436,   74.9,  1995.1,
1730200814, 091005, 103218,   99.9,  2005.2,
1730200811, 091005, 102741,  151.0,  2020.8,
1740201823, 101005, 013353,    6.8,  1981.0,
1740201819, 101005, 013008,   26.1,  1980.8,
1740201817, 101005, 012734,   45.2,  1980.4,
1740201815, 101005, 012458,   75.1,  1988.3,
1740201812, 101005, 012058,   99.9,  2006.6,
1740201807, 101005, 011435,  151.0,  2044.4,
1740201804, 101005, 011039,  199.1,  2039.5,
1750200923, 111205, 104510,    4.8,  1982.9,
1750200919, 111205, 104054,   23.8,  1983.1,
1750200917, 111205, 103821,   43.0,  1982.9,
1750200915, 111205, 103540,   73.1,  1982.9,
1750200912, 111205, 103215,   98.8,  2009.3,
1750200907, 111205, 102615,  149.2,  2034.1,
1750200904, 111205, 102215,  199.6,  2043.4,
1760200822, 121305, 100522,    5.8,  1985.5,
1760200817, 121305, 095928,   45.7,  1988.1,
1760200815, 121305, 095631,   74.8,  1989.5,
1760200812, 121305, 095210,   98.8,  1992.6,
1760200807, 121305, 094532,  152.6,  2036.9,
1760200804, 121305, 094110,  200.0,  2053.9,
1770200722, 012606, 005924,    6.6,  1989.1,
1770200719, 012606, 005623,   24.8,  1989.3,
1770200717, 012606, 005414,   46.3,  1997.2,
1770200715, 012606, 005134,   75.6,  1990.1,
1770200712, 012606, 004813,   98.1,  1997.5,
1770200707, 012606, 004214,  150.0,  2015.1,
1770200704, 012606, 003753,  198.6,  2042.0,
1770201118, 012606, 162249,  115.3,  2003.2,
1780200822, 021506, 101857,    7.2,  1999.1,
1780200819, 021506, 101241,   25.1,  1998.9,
1780200817, 021506, 100942,   45.4,  1998.4,
1780200815, 021506, 100612,   76.0,  1998.8,
1780200812, 021506, 100200,   99.3,  2014.8,
1780200807, 021506, 095503,  150.9,  2060.2,
1780200804, 021506, 094900,  200.0,  2077.3,
1790201122, 031006, 103004,    7.5,  1993.4,
1790201119, 031006, 102631,   24.3,  1993.4,
1790201117, 031006, 102401,   46.4,  1993.5,
1790201115, 031006, 102045,   75.2,  1994.2,
1790201112, 031006, 101608,  101.5,  1999.0,
1790201107, 031006, 100834,  148.6,  2011.2,
1790201104, 031006, 100326,  199.8,  2043.5,
1800200822, 040206, 103604,    9.1,  1964.0,
1800200819, 040206, 103129,   24.2,  1965.5,
1800200817, 040206, 102753,   46.0,  1986.9,
1800200815, 040206, 102449,   74.8,  1996.7,
1800200812, 040206, 101851,   99.7,  2009.5,
1800200807, 040206, 100950,  149.6,  2014.4,
1800200804, 040206, 100502,  198.7,  2044.8,
1810200922, 052706, 101749,    9.3,  1999.5,
1810200919, 052706, 101354,   25.2,  1998.7,
1810200917, 052706, 101055,   44.9,  2012.5,
1810200915, 052706, 100811,   75.0,  2025.8,
1810200912, 052706, 100435,  101.2,  2021.8,
1810200907, 052706, 095835,  150.4,  2039.3,
1810200904, 052706, 095416,  199.9,  2051.0,
1820200807, 061406, 152205,  124.9,  2043.8,
1820201022, 061406, 220850,    7.8,  1972.0,
1820201019, 061406, 220455,   25.5,  1973.2,
1820201017, 061406, 220245,   45.3,  1996.0,
1820201015, 061406, 220030,   75.5,  1996.6,
1820201012, 061406, 215715,  100.2,  2007.4,
1830200922, 071306, 103555,    9.1,  1976.7,
1830200919, 071306, 103029,   26.0,  1977.1,
1830200917, 071306, 102639,   45.9,  1977.1,
1830200915, 071306, 102157,   76.3,  1990.8,
1830200912, 071306, 101556,  100.6,  2004.6,
1830200907, 071306, 100531,  151.2,  2026.9,
1840200922, 080906, 103440,    7.5,  1966.3,
1840200919, 080906, 103026,   25.8,  1968.3,
1840200917, 080906, 102715,   44.8,  1989.1,
1840200915, 080906, 102414,   74.6,  2003.8,
1840200912, 080906, 102020,  100.9,  2016.2,
1840200907, 080906, 101245,  150.5,  2038.0,
1850200822, 091606, 100801,    5.6,  1981.0,
1850200819, 091606, 100514,   25.6,  1980.7,
1850200817, 091606, 100148,   45.7,  1980.1,
1850200815, 091606, 095857,   76.2,  1992.3,
1850200812, 091606, 095438,  100.6,  2004.0,
1850200807, 091606, 094717,  151.0,  2028.1,
1860201722, 102106, 101931,    8.1,  1983.3,
1860201719, 102106, 101611,   25.3,  1983.1,
1860201717, 102106, 101235,   45.8,  1985.7,
1860201715, 102106, 100947,   74.7,  1991.2,
1860201712, 102106, 100556,   97.3,  2003.1,
1860201707, 102106, 095731,  151.8,  2028.8,
1870200822, 110906, 102550,    8.8,  1979.7,
1870200819, 110906, 102135,   25.8,  1979.7,
1870200817, 110906, 101800,   45.0,  1979.9,
1870200815, 110906, 101341,   75.2,  1985.2,
1870200812, 110906, 100855,  100.5,  2004.1,
1870200807, 110906, 095846,  151.5,  2030.4,
1880200822, 121006, 101358,    7.7,  1984.5,
1880200819, 121006, 100942,   24.7,  1983.8,
1880200817, 121006, 100741,   46.7,  1984.5,
1880200815, 121006, 100536,   75.7,  1988.3,
1880200812, 121006, 100234,  101.2,  2016.7,
1880200807, 121006, 095700,  152.0,  2037.0,
1890200922, 020707, 102251,    4.7,  1988.7,
1890200919, 020707, 101946,   24.9,  1989.3,
1890200917, 020707, 101628,   44.7,  1988.9,
1890200915, 020707, 101309,   75.2,  1989.7,
1890200912, 020707, 100843,  100.0,  1992.3,
1890200907, 020707, 100046,  150.1,  2038.9,
1900200922, 032107, 102150,    4.4,  1993.2,
1900200919, 032107, 101812,   25.1,  1994.7,
1900200917, 032107, 101457,   45.1,  1995.8,
1900200915, 032107, 101134,   74.6,  2001.0,
1900200912, 032107, 100520,  100.3,  2012.4,
1900200907, 032107, 095451,  149.0,  2039.8,
1910200501, 050407, 212654,    7.5,  1979.5,
1910200922, 050507, 101408,    7.3,  1979.1,
1910200919, 050507, 100951,   24.5,  1979.7,
1910200917, 050507, 100715,   44.9,  1979.4,
1910200915, 050507, 100301,   74.5,  1990.6,
1910200912, 050507, 095841,  100.2,  1999.0,
1910200907, 050507, 095134,  149.9,  2033.0,
1930200623, 070807, 102342,    6.3,  1987.5,
1930200619, 070807, 101749,   24.9,  1987.7,
1930200617, 070807, 101419,   45.0,  1990.1,
1930200615, 070807, 101119,   74.8,  1992.4,
1930200612, 070807, 100549,  100.5,  2003.6,
1930200607, 070807, 095749,  149.7,  2027.2,
1930200604, 070807, 095204,  199.7,  2036.8,
1930200924, 070807, 185808,    6.9,  1984.6,
1940200822, 080407, 102315,    6.7,  1979.9,
1940200819, 080407, 101645,   24.8,  1980.6,
1940200817, 080407, 101350,   45.2,  1981.1,
1940200815, 080407, 101045,   75.4,  1983.9,
1940200812, 080407, 100640,  100.4,  1994.3,
1940200807, 080407, 095920,  150.0,  2051.7,
1940200804, 080407, 095411,  199.8,  2085.8,
1950200822, 090307, 102202,    6.9,  1983.7,
1950200819, 090307, 101714,   25.8,  1984.4,
1950200817, 090307, 101449,   45.7,  1986.8,
1950200815, 090307, 101139,   75.8,  1992.6,
1950200812, 090307, 100719,  100.4,  2010.7,
1950200807, 090307, 095859,  150.6,  2036.6,
1960200822, 100307, 101222,    5.0,  1985.3,
1960200819, 100307, 100929,   23.7,  1985.3,
1960200817, 100307, 100651,   44.9,  1985.4,
1960200815, 100307, 100342,   76.6,  1986.5,
1960200812, 100307, 100007,   99.5,  1997.9,
1960200807, 100307, 095357,  149.8,  2021.3,
1960200804, 100307, 094927,  197.5,  2039.6,
1970200822, 120207, 112805,    5.8,  1982.9,
1970200819, 120207, 112415,   24.8,  1987.6,
1970200817, 120207, 112131,   44.5,  1988.3,
1970200815, 120207, 111850,   74.7,  1991.0,
1970200812, 120207, 111505,  100.2,  2009.4,
1970200807, 120207, 110844,  150.9,  2049.8,
1980200922, 122107, 102625,    7.5,  1987.8,
1980200919, 122107, 102300,   25.4,  1987.7,
1980200917, 122107, 102034,   46.5,  1987.7,
1980200915, 122107, 101803,   76.1,  1988.0,
1980200912, 122107, 101502,   98.9,  1991.9,
1980200907, 122107, 100937,  149.4,  2028.0,
1990200822, 013008, 103450,    6.9,  2000.7,
1990200819, 013008, 103020,   25.8,  2000.6,
1990200817, 013008, 102735,   44.8,  2000.6,
1990200815, 013008, 102416,   75.8,  2000.6,
1990200812, 013008, 101940,  100.2,  2001.2,
1990200807, 013008, 101321,  148.6,  2033.9,
1990200804, 013008, 100831,  199.9,  2046.0,
2000200722, 022408, 072123,    7.7,  1998.9,
2000200719, 022408, 071646,   26.5,  1998.9,
2000200717, 022408, 071400,   44.4,  1999.3,
2000200715, 022408, 071110,   74.9,  2000.2,
2000200712, 022408, 070700,  100.1,  2002.7,
2000200707, 022408, 065751,  150.3,  2041.5,
2010200722, 052808, 071044,    8.1,  1987.2,
2010200719, 052808, 070644,   25.9,  1987.7,
2010200717, 052808, 070409,   45.6,  1992.8,
2010200715, 052808, 070114,   75.9,  1996.8,
2010200712, 052808, 065624,  100.3,  2002.5,
2010200707, 052808, 064853,  150.4,  2012.9,
2020200722, 062608, 071610,    7.8,  1986.0,
2020200719, 062608, 071206,   25.1,  1986.2,
2020200717, 062608, 070940,   45.3,  1986.4,
2020200715, 062608, 070710,   73.6,  1985.7,
2020200712, 062608, 070316,   99.5,  2001.6,
2020200707, 062608, 065612,  150.6,  2041.7,
2030200519, 072608, 230717,  198.3,  2048.2,
2030200823, 072708, 071939,    6.1,  1985.0,
2030200819, 072708, 071434,   24.4,  1985.1,
2030200817, 072708, 071039,   45.0,  1988.0,
2030200815, 072708, 070654,   74.4,  1993.0,
2030200812, 072708, 070219,   99.7,  2000.8,
2030200807, 072708, 065429,  149.6,  2023.8,
2040200722, 081708, 070712,    7.7,  1978.9,
2040200719, 081708, 070326,   24.6,  1979.2,
2040200717, 081708, 070051,   45.9,  1981.0,
2040200715, 081708, 065812,   76.2,  1991.3,
2040200712, 081708, 065453,  100.8,  2005.9,
2040200707, 081708, 064853,  149.7,  2026.0,
2050200722, 101108, 071646,    6.0,  1985.8,
2050200719, 101108, 071151,   25.1,  1986.0,
2050200717, 101108, 070921,   45.8,  1985.9,
2050200715, 101108, 070621,   75.4,  1998.2,
2050200712, 101108, 070226,  100.1,  2010.9,
2050200707, 101108, 065531,  149.5,  2034.5,
2060200722, 120108, 104106,    7.1,  1996.0,
2060200719, 120108, 103527,   23.3,  1994.8,
2060200717, 120108, 103152,   43.7,  1995.6,
2060200715, 120108, 102742,   74.5,  2007.8,
2060200712, 120108, 102318,   98.8,  2026.5,
2060200707, 120108, 101343,  150.6,  2041.5,
2060200704, 120108, 100848,  200.0,  2056.6,
2080200722, 012109, 105811,    7.4,  2001.4,
2080200719, 012109, 105342,   24.1,  2001.4,
2080200717, 012109, 105001,   44.8,  2000.9,
2080200715, 012109, 104641,   74.0,  2001.0,
2080200712, 012109, 104211,  100.4,  2006.7,
2080200707, 012109, 103422,  149.6,  2021.2,
2090200722, 021809, 073952,    8.9,  2006.3,
2090200719, 021809, 073522,   24.4,  2006.9,
2090200717, 021809, 073222,   44.4,  2008.7,
2090200715, 021809, 072917,   75.6,  2009.7,
2090200712, 021809, 072422,   98.9,  2010.8,
2090200707, 021809, 071617,  149.3,  2044.7,
2090200704, 021809, 071122,  199.5,  2053.2,
2100200719, 042909, 073431,   24.8,  2013.2,
2100200717, 042909, 073111,   45.4,  1984.3,
2100200715, 042909, 072708,   74.4,  1982.5,
2100200712, 042909, 072220,   99.9,  1991.1,
2100200707, 042909, 071239,  149.9,  2003.6,
2100200704, 042909, 070617,  199.5,  2020.8,
2110200722, 052809, 072631,    4.7,  2012.7,
2110200719, 052809, 072317,   25.2,  2014.4,
2110200717, 052809, 072005,   45.5,  2012.6,
2110200715, 052809, 071716,   75.7,  2014.5,
2110200712, 052809, 071315,  100.3,  2017.5,
2110200707, 052809, 070451,  149.8,  2027.0,
2120200722, 070409, 071834,    5.4,  2001.3,
2120200719, 070409, 071344,   24.3,  1999.8,
2120200717, 070409, 071038,   44.3,  2006.0,
2120200715, 070409, 070715,   74.5,  2015.5,
2120200712, 070409, 070150,  100.3,  2024.4,
2120200707, 070409, 065325,  150.3,  2047.1,
2130201222, 072609, 102400,    5.7,  2001.4,
2130201219, 072609, 101725,   25.3,  2001.3,
2130201217, 072609, 101405,   45.2,  1999.6,
2130201215, 072609, 101035,   74.8,  2016.5,
2130201212, 072609, 100540,  100.2,  2022.2,
2130201207, 072609, 095755,  149.6,  2033.5,
2140200722, 081909, 074618,    6.0,  1999.8,
2140200719, 081909, 074027,   24.3,  1999.3,
2140200717, 081909, 073737,   45.6,  1999.1,
2140200715, 081909, 073405,   73.7,  2010.7,
2140200712, 081909, 072937,   98.9,  2020.7,
2140200707, 081909, 072101,  153.1,  2039.1,
2150200822, 092509, 071802,    5.3,  2012.0,
2150200819, 092509, 071442,   24.9,  2014.1,
2150200817, 092509, 071142,   44.5,  2007.8,
2150200815, 092509, 070659,   69.1,  2012.6,
2150200812, 092509, 070203,   99.7,  2023.7,
2150200807, 092509, 065402,  149.4,  2054.5,
2160200722, 110409, 072049,    4.8,  1997.4,
2160200719, 110409, 071738,   23.5,  1998.3,
2160200717, 110409, 071423,   45.4,  1997.9,
2160200715, 110409, 071108,   75.3,  2008.2,
2160200712, 110409, 070654,  100.0,  2026.0,
2160200707, 110409, 065854,  150.1,  2046.2,
2170200822, 121009, 071556,    4.8,  2009.3,
2170200819, 121009, 071304,   24.7,  2009.1,
2170200815, 121009, 070724,   75.0,  2023.7,
2170200812, 121009, 070310,  100.5,  2033.4,
2170200807, 121009, 065554,  149.9,  2052.1,
2170200804, 121009, 065139,  200.0,  2057.2,
2190200522, 031010, 183350,    4.7,  2006.0,
2190200519, 031010, 183121,   25.5,  2005.7,
2190200517, 031010, 182852,   45.6,  2006.2,
2190200515, 031010, 182621,   75.3,  2008.9,
2190200512, 031010, 182306,  101.3,  2024.8,
2190200507, 031010, 181706,  150.8,  2052.5,
2200200722, 040710, 070439,    4.8,  2008.2,
2200200719, 040710, 070126,   25.6,  2008.0,
2200200717, 040710, 070027,   45.4,  2006.8,
2200200715, 040710, 065754,   76.6,  2008.9,
2200200712, 040710, 065459,   99.8,  2017.4,
2200200707, 040710, 064950,  151.1,  2048.5,
2210200822, 051910, 070624,    4.2,  2005.4,
2210200819, 051910, 070204,   24.7,  2008.6,
2210200817, 051910, 065955,   45.4,  2009.6,
2210200815, 051910, 065735,   74.5,  2014.2,
2210200812, 051910, 065419,  100.0,  2036.9,
2210200807, 051910, 064855,  150.4,  2037.8,
2220200822, 060910, 070850,    5.6,  2014.2,
2220200819, 060910, 070619,   25.0,  2021.0,
2220200817, 060910, 070404,   45.7,  2023.2,
2220200815, 060910, 070134,   74.1,  2028.9,
2220200812, 060910, 065805,   98.2,  2034.7,
2220200807, 060910, 065150,  146.6,  2040.1,
2230200822, 070910, 090108,    5.7,  1992.1,
2230200819, 070910, 085554,   25.0,  2014.4,
2230200817, 070910, 085208,   44.3,  2017.5,
2230200815, 070910, 084749,   74.4,  2022.4,
2230200812, 070910, 084244,   99.3,  2034.6,
2230200807, 070910, 083344,  149.1,  2045.0,
2240200822, 080810, 072006,    5.7,  1995.9,
2240200819, 080810, 071448,   25.3,  1998.3,
2240200817, 080810, 071241,   45.2,  1999.5,
2240200815, 080810, 070934,   75.5,  2001.6,
2240200812, 080810, 070533,  100.2,  2019.1,
2240200807, 080810, 065858,  150.3,  2039.5,
2250200822, 090410, 103953,    5.4,  1998.3,
2250200819, 090410, 103418,   25.6,  1998.1,
2250200817, 090410, 103034,   45.5,  1998.0,
2250200815, 090410, 102658,   76.0,  2001.4,
2250200812, 090410, 102148,  100.5,  2016.3,
2250200807, 090410, 101333,  150.2,  2043.5,
2260200823, 100410, 071552,    7.5,  1996.8,
2260200819, 100410, 071201,   26.0,  1997.3,
2260200817, 100410, 070911,   45.9,  1997.1,
2260200815, 100410, 070552,   75.3,  2006.1,
2260200807, 100410, 065407,  150.4,  2048.0,
2260200804, 100410, 064906,  199.8,  2050.9,
2270200122, 112110, 063606,    5.2,  1996.6,
2270200119, 112110, 063357,   24.8,  1996.3,
2270200117, 112110, 063159,   44.9,  2001.6,
2270200115, 112110, 062950,   74.8,  2002.1,
2270200112, 112110, 062657,  100.4,  2024.5,
2270200107, 112110, 062142,  150.0,  2047.4,
2290200722, 012911, 070207,    2.4,  2011.7,
2290200719, 012911, 065817,   24.8,  2012.2,
2290200717, 012911, 065538,   44.9,  2014.3,
2290200715, 012911, 065243,   74.6,  2019.8,
2290200712, 012911, 064847,  101.4,  2039.2,
2290200707, 012911, 064228,  150.3,  2052.2,
2300200722, 030111, 070431,    7.8,  1996.2,
2300200719, 030111, 070031,   26.1,  1998.4,
2300200717, 030111, 065737,   45.0,  2005.1,
2300200715, 030111, 065357,   75.4,  2011.4,
2300200712, 030111, 064936,  100.5,  2024.1,
2300200707, 030111, 064107,  150.8,  2055.1,
2310200622, 041211, 091442,    6.8,  1993.1,
2310200619, 041211, 091152,   25.4,  1992.6,
2310200617, 041211, 090912,   44.8,  1994.0,
2310200615, 041211, 090537,   75.5,  1999.6,
2310200612, 041211, 090057,  101.1,  2000.6,
2310200607, 041211, 085332,  150.9,  2031.7,
2320200722, 051011, 073142,    5.6,  2002.4,
2320200719, 051011, 072917,   26.3,  2002.9,
2320200717, 051011, 072717,   44.6,  2004.0,
2320200715, 051011, 072507,   75.3,  2014.8,
2320200712, 051011, 072202,  100.4,  2019.8,
2320200707, 051011, 071657,  150.2,  2030.5,
2330200923, 072011, 105026,    6.1,  1984.2,
2330200919, 072011, 104721,   24.7,  1984.8,
2330200917, 072011, 104441,   44.5,  1984.4,
2330200915, 072011, 104116,   74.8,  1986.6,
2330200912, 072011, 103716,   99.8,  2005.0,
2330200907, 072011, 103036,  149.3,  2033.8,
2330200904, 072011, 102546,  199.5,  2061.4,
2340200423, 083111, 011915,    5.7,  1988.9,
2340200419, 083111, 011525,   24.6,  1989.7,
2340200417, 083111, 011311,   44.6,  1993.9,
2340200415, 083111, 011010,   74.9,  2015.9,
2340200412, 083111, 010625,   99.8,  2035.9,
2340200407, 083111, 010025,  149.4,  2053.1,
2350200222, 092711, 010815,    5.8,  1991.5,
2350200219, 092711, 010414,   25.8,  1994.8,
2350200217, 092711, 010109,   45.6,  1997.9,
2350200215, 092711, 005709,   76.1,  2003.4,
2350200212, 092711, 005240,  100.7,  2011.8,
2350200207, 092711, 004417,  150.4,  2041.3,
2360200722, 110511, 095852,    5.7,  1989.4,
2360200719, 110511, 095617,   24.5,  1988.9,
2360200717, 110511, 095352,   45.5,  1988.8,
2360200715, 110511, 095112,   74.9,  1999.5,
2360200712, 110511, 094837,   99.8,  2022.7,
2360200707, 110511, 094407,  149.8,  2049.2,
2370200422, 112911, 084830,    6.0,  1996.1,
2370200419, 112911, 084633,   24.9,  1995.4,
2370200417, 112911, 084459,   45.5,  1995.6,
2370200415, 112911, 084303,   74.8,  1997.3,
2370200412, 112911, 084020,   99.8,  1998.6,
2370200407, 112911, 083552,  150.2,  2041.4,
2370200404, 112911, 083255,  200.0,  2058.4,
2380200622, 122011, 061318,    5.0,  2005.5,
2380200619, 122011, 060907,   24.6,  2005.5,
2380200617, 122011, 060638,   43.8,  2005.5,
2380200615, 122011, 060347,   73.9,  2006.2,
2380200612, 122011, 060003,   99.5,  2009.7,
2380200607, 122011, 055307,  149.5,  2050.7,
2380200604, 122011, 054803,  199.6,  2060.0,
2390200722, 011912, 065446,    5.5,  2007.7,
2390200719, 011912, 065255,   25.1,  2007.5,
2390200717, 011912, 065121,   44.6,  2007.3,
2390200715, 011912, 064926,   76.1,  2009.7,
2390200712, 011912, 064706,  101.5,  2011.5,
2390200707, 011912, 064306,  151.0,  2041.2,
2390200704, 011912, 063955,  199.4,  2058.6,
2400200422, 032512, 183439,    6.4,  2008.6,
2400200419, 032512, 183110,   25.5,  2008.8,
2400200417, 032512, 182855,   45.2,  2010.1,
2400200415, 032512, 182540,   76.3,  2016.6,
2400200412, 032512, 182242,  102.7,  2020.1,
2400200407, 032512, 181731,  150.4,  2034.4,
2410201223, 050312, 215925,    5.9,  2008.9,
2410201219, 050312, 215638,   23.9,  2009.0,
2410201217, 050312, 215435,   43.9,  2008.4,
2410201215, 050312, 215216,   73.1,  2008.4,
2410201212, 050312, 214842,   98.3,  2011.4,
2410201207, 050312, 214343,  150.8,  2023.8,
2410201204, 050312, 213924,  199.5,  2053.2,
2420201322, 060112, 041458,    4.9,  2005.0,
2420201319, 060112, 041239,   24.4,  2005.5,
2420201317, 060112, 041034,   45.5,  2012.2,
2420201315, 060112, 040824,   74.9,  2017.8,
2420201312, 060112, 040524,   99.7,  2019.8,
2420201307, 060112, 040001,  148.5,  2032.1,
2430200822, 062712, 162419,    5.7,  2013.1,
2430200819, 062712, 162214,   25.6,  2012.4,
2430200817, 062712, 162019,   45.2,  2013.3,
2430200815, 062712, 161819,   74.8,  2013.7,
2430200812, 062712, 161549,   99.8,  2023.4,
2430200807, 062712, 161129,  150.3,  2046.7,
2430200804, 062712, 160819,  199.7,  2056.6,
2440200722, 080112, 065902,   10.5,  2007.7,
2440200719, 080112, 065632,   25.8,  2008.0,
2440200717, 080112, 065357,   45.4,  2010.5,
2440200715, 080112, 065132,   75.1,  2020.2,
2440200712, 080112, 064817,  100.4,  2033.5,
2440200707, 080112, 064216,  150.2,  2052.8,
2440200704, 080112, 063804,  200.0,  2050.5,
2450200622, 081812, 065730,    4.9,  1999.6,
2450200619, 081812, 065500,   25.4,  2000.4,
2450200617, 081812, 065310,   45.3,  2010.3,
2450200615, 081812, 065109,   75.0,  2017.7,
2450200612, 081812, 064926,  100.0,  2021.8,
2450200607, 081812, 064424,  150.1,  2042.9,
2460200622, 091512, 070559,    5.7,  1997.8,
2460200619, 091512, 070340,   25.5,  1999.7,
2460200617, 091512, 070210,   44.7,  1998.2,
2460200615, 091512, 070020,   75.4,  2010.7,
2460200612, 091512, 065809,  100.2,  2033.8,
2460200607, 091512, 065355,  150.7,  2050.2,
2470200622, 100812, 074841,    4.5,  2000.1,
2470200619, 100812, 074631,   25.5,  2001.6,
2470200617, 100812, 074441,   45.5,  2001.5,
2470200615, 100812, 074231,   75.3,  2007.5,
2470200612, 100812, 073951,  100.2,  2021.6,
2470200607, 100812, 073511,  149.9,  2042.0,
2480200622, 120412, 083046,    7.0,  2015.4,
2480200619, 120412, 082722,   26.5,  2012.2,
2480200617, 120412, 082502,   46.9,  2013.7,
2480200615, 120412, 082232,   75.9,  2013.1,
2480200612, 120412, 081921,  101.1,  2025.0,
2480200607, 120412, 081323,  150.7,  2041.6,
2490200622, 021313, 071338,    7.3,  2019.5,
2490200619, 021313, 070849,   25.5,  2019.8,
2490200617, 021313, 070627,   45.7,  2024.8,
2490200615, 021313, 070327,   75.9,  2023.8,
2490200612, 021313, 070007,  100.3,  2022.9,
2490200607, 021313, 065447,  150.2,  2032.2,
2500200722, 030713, 071737,    8.7,  2024.5,
2500200719, 030713, 071427,   23.8,  2024.5,
2500200717, 030713, 071237,   45.2,  2026.3,
2500200715, 030713, 071037,   75.2,  2023.8,
2500200712, 030713, 070757,   99.9,  2024.6,
2500200707, 030713, 070308,  149.7,  2031.5,
2500200704, 030713, 065938,  199.6,  2048.8,
2510200622, 040613, 071006,    5.3,  2029.0,
2510200619, 040613, 070716,   25.3,  2027.6,
2510200617, 040613, 070436,   45.5,  2025.0,
2510200615, 040613, 070126,   75.5,  2023.5,
2510200612, 040613, 065735,  100.1,  2032.2,
2510200607, 040613, 065137,  150.7,  2029.5,
2520200722, 051813, 071938,    8.8,  1995.5,
2520200719, 051813, 071629,   25.7,  1995.1,
2520200717, 051813, 071428,   44.4,  2003.9,
2520200715, 051813, 071219,   74.6,  2022.5,
2520200712, 051813, 070948,  100.1,  2032.5,
2520200707, 051813, 070458,  150.1,  2034.3,
2530200722, 062613, 071750,    7.2,  2007.8,
2530200719, 062613, 071449,   24.9,  2007.9,
2530200717, 062613, 071239,   45.2,  2009.6,
2530200715, 062613, 070959,   75.5,  2026.0,
2530200712, 062613, 070709,  100.0,  2034.3,
2530200707, 062613, 070149,  150.8,  2057.1,
2530200704, 062613, 065800,  199.9,  2065.6,
2540200622, 091213, 070930,    7.4,  2009.3,
2540200619, 091213, 070540,   26.9,  2009.0,
2540200617, 091213, 070344,   46.3,  2008.7,
2540200615, 091213, 070125,   75.1,  2012.5,
2540200612, 091213, 065825,  100.6,  2025.4,
2540200607, 091213, 065310,  150.3,  2048.7,
2550200320, 100113, 222207,  149.0,  2040.3,
2550200619, 100213, 065853,   26.2,  1999.0,
2550200617, 100213, 065712,   45.4,  2001.3,
2550200615, 100213, 065502,   76.7,  2013.7,
2550200612, 100213, 065223,  101.5,  2030.1,
2550200607, 100213, 064753,  150.5,  2045.9,
2560200622, 102813, 070946,    6.5,  1999.0,
2560200619, 102813, 070656,   25.4,  1998.6,
2560200617, 102813, 070445,   45.0,  1998.6,
2560200615, 102813, 070236,   75.0,  2018.2,
2560200612, 102813, 065945,  100.2,  2033.2,
2560200607, 102813, 065446,  150.2,  2054.5,
2560200604, 102813, 065116,  199.9,  2057.7,
2570200623, 112713, 072318,    6.0,  2008.8,
2570200619, 112713, 071928,   24.2,  2009.5,
2570200617, 112713, 071648,   45.0,  2010.4,
2570200615, 112713, 071338,   74.8,  2011.2,
2570200612, 112713, 070908,  100.1,  2028.3,
2570200607, 112713, 070238,  149.9,  2049.0,
2580200623, 122113, 071840,    6.7,  2007.8,
2580200619, 122113, 071441,   25.2,  2008.0,
2580200617, 122113, 071245,   45.6,  2008.0,
2580200615, 122113, 071017,   75.2,  2012.5,
2580200612, 122113, 070725,  100.6,  2034.7,
2580200607, 122113, 070205,  149.3,  2051.8,
2590200623, 011614, 073433,    6.5,  2017.9,
2590200619, 011614, 073133,   25.2,  2018.0,
2590200617, 011614, 072854,   45.8,  2018.9,
2590200615, 011614, 072543,   75.3,  2018.6,
2590200612, 011614, 072213,  100.9,  2033.2,
2590200607, 011614, 071613,  150.2,  2051.7,
2600200623, 021514, 091648,    6.2,  2018.1,
2600200619, 021514, 091248,   25.0,  2018.1,
2600200617, 021514, 090948,   45.1,  2018.2,
2600200615, 021514, 090638,   75.8,  2021.6,
2600200612, 021514, 090306,  100.4,  2030.7,
2600200607, 021514, 085619,  150.7,  2051.7,
2600200604, 021514, 085120,  199.8,  2064.7,
2610200623, 030614, 071457,    7.5,  2003.4,
2610200619, 030614, 071202,   26.1,  2010.1,
2610200617, 030614, 070957,   45.6,  2015.9,
2610200612, 030614, 070453,  100.6,  2030.4,
2610200607, 030614, 065952,  150.6,  2051.9,
2610200604, 030614, 065623,  199.8,  2064.3,
2620200623, 041114, 070940,    4.9,  2013.5,
2620200619, 041114, 070649,   25.3,  2014.3,
2620200617, 041114, 070459,   44.7,  2015.3,
2620200615, 041114, 070234,   75.1,  2020.3,
2620200612, 041114, 065929,   99.8,  2025.2,
2620200607, 041114, 065414,  150.1,  2027.3,
2630200523, 060114, 070217,    4.8,  2003.5,
2630200519, 060114, 065951,   25.6,  2008.5,
2630200517, 060114, 065756,   44.6,  2021.0,
2630200515, 060114, 065536,   75.0,  2020.8,
2630200512, 060114, 065246,   99.3,  2025.4,
2630200507, 060114, 064656,  149.9,  2042.2,
2640200623, 070114, 071958,    5.3,  2003.2,
2640200619, 070114, 071708,   24.8,  2005.9,
2640200617, 070114, 071443,   45.3,  2016.8,
2640200615, 070114, 071208,   75.5,  2022.0,
2640200612, 070114, 070903,   99.6,  2025.9,
2640200607, 070114, 070332,  148.9,  2040.7,
2640200604, 070114, 065933,  199.8,  2059.0,
2650200623, 091514, 071751,    5.3,  1981.0,
2650200619, 091514, 071512,   24.7,  1980.6,
2650200617, 091514, 071307,   44.5,  1983.4,
2650200615, 091514, 071045,   75.5,  2000.4,
2650200612, 091514, 070746,  100.4,  2022.0,
2650200607, 091514, 070232,  150.0,  2053.2,
2660200319, 101314, 220920,  193.1,  2063.2,
2660200623, 101414, 071924,    5.6,  1979.4,
2660200619, 101414, 071714,   24.4,  1979.8,
2660200617, 101414, 071514,   44.6,  1979.5,
2660200615, 101414, 071254,   75.2,  2003.0,
2660200612, 101414, 071004,  100.1,  2020.4,
2660200607, 101414, 070449,  151.6,  2046.2,
2670200623, 112214, 071138,    5.0,  1995.9,
2670200619, 112214, 070908,   25.4,  1995.7,
2670200617, 112214, 070658,   43.8,  1996.2,
2670200615, 112214, 070418,   75.2,  2004.7,
2670200612, 112214, 070118,  100.0,  2031.9,
2670200607, 112214, 065551,  150.6,  2053.5,
2680200623, 121714, 103137,    7.8,  2007.9,
2680200619, 121714, 102739,   26.3,  2007.8,
2680200617, 121714, 102448,   45.3,  2007.7,
2680200615, 121714, 102143,   75.5,  2008.3,
2680200612, 121714, 101743,  100.3,  2008.6,
2680200607, 121714, 101033,  150.7,  2049.9,
2680200604, 121714, 100434,  199.8,  2061.8,
2690200623, 022515, 073446,    4.8,  2005.0,
2690200619, 022515, 073201,   25.0,  2011.9,
2690200617, 022515, 072916,   45.0,  2017.1,
2690200615, 022515, 072641,   74.8,  2020.7,
2690200612, 022515, 072306,  100.6,  2022.3,
2690200607, 022515, 071641,  150.2,  2031.4,
2700200623, 033015, 125737,    4.5,  2013.4,
2700200619, 033015, 125441,   24.6,  2013.3,
2700200617, 033015, 125221,   45.0,  2011.9,
2700200615, 033015, 124936,   74.8,  2012.0,
2700200612, 033015, 124601,   98.9,  2013.7,
2700200607, 033015, 123956,  152.1,  2031.9,
2700200604, 033015, 123536,  198.2,  2051.2,
2710200622, 042215, 082405,    6.0,  1997.1,
2710200619, 042215, 082214,   24.0,  2000.9,
2710200617, 042215, 082035,   44.7,  2008.8,
2710200615, 042215, 081840,   75.2,  2025.1,
2710200612, 042215, 081634,   98.9,  2033.6,
2710200607, 042215, 081235,  149.0,  2048.1,
2720200722, 052415, 070942,    4.4,  2006.3,
2720200719, 052415, 070751,   24.7,  2005.9,
2720200717, 052415, 070616,   43.6,  2006.8,
2720200715, 052415, 070426,   75.1,  2006.2,
2720200712, 052415, 070211,   99.9,  2013.3,
2720200707, 052415, 065751,  149.8,  2026.1,
2720200704, 052415, 065506,  199.7,  2046.8,
2730200722, 062015, 072322,    6.4,  1995.2,
2730200719, 062015, 072028,   24.1,  1995.3,
2730200717, 062015, 071823,   44.0,  1994.7,
2730200715, 062015, 071607,   74.7,  2004.3,
2730200712, 062015, 071249,  100.9,  2011.5,
2730200707, 062015, 070648,  149.9,  2033.2,
2730200704, 062015, 070229,  199.4,  2047.3,
2740200722, 072015, 070452,    6.1,  1995.5,
2740200719, 072015, 070212,   25.7,  1997.3,
2740200717, 072015, 070022,   44.6,  2007.8,
2740200715, 072015, 065822,   75.7,  2023.7,
2740200712, 072015, 065536,   99.3,  2037.3,
2740200707, 072015, 065127,  150.3,  2054.4,
2740200704, 072015, 064822,  199.9,  2061.6,
2750200622, 081315, 070720,    4.6,  2001.8,
2750200619, 081315, 070441,   25.5,  2002.1,
2750200617, 081315, 070226,   46.2,  2016.4,
2750200615, 081315, 070006,   75.3,  2030.9,
2750200612, 081315, 065656,  100.2,  2037.3,
2750200607, 081315, 065121,  149.4,  2065.5,
2750200604, 081315, 064746,  199.7,  2068.3,
2770200622, 101415, 065216,    5.7,  1996.8,
2770200619, 101415, 064954,   25.1,  1998.1,
2770200617, 101415, 064801,   45.0,  1999.4,
2770200615, 101415, 064556,   75.1,  2021.4,
2770200612, 101415, 064311,  100.0,  2034.7,
2770200607, 101415, 063811,  149.6,  2053.2,
2780200522, 111415, 072027,    4.8,  1994.4,
2780200519, 111415, 071710,   24.8,  1994.6,
2780200517, 111415, 071436,   44.2,  1995.0,
2780200515, 111415, 071153,   74.9,  2001.9,
2780200512, 111415, 070810,  100.7,  2033.0,
2780200507, 111415, 070207,  150.0,  2051.8,
2790200622, 120915, 070430,    4.9,  1982.9,
2790200619, 120915, 070141,   24.9,  1982.7,
2790200617, 120915, 065936,   44.8,  1984.7,
2790200615, 120915, 065708,   74.6,  1995.7,
2790200612, 120915, 065408,  100.5,  2014.6,
2790200607, 120915, 064841,  149.8,  2051.7,