botid, date, time, press, doc, 
#, mmddyy, hhmmss, dbar, umol/kg, 
1340200618, 011602, 065559,    4.1,  79.61,
1340200617, 011602, 065444,   14.5,  80.08,
1340200615, 011602, 065319,   24.6,  76.96,
1340200614, 011602, 065201,   33.8,  78.12,
1340200613, 011602, 065046,   44.2,  77.28,
1340200612, 011602, 064928,   58.3,  77.65,
1340200611, 011602, 064754,   75.3,  79.42,
1340200609, 011602, 064519,   97.9,  79.60,
1340200607, 011602, 064246,  124.2,  74.34,
1340200606, 011602, 064109,  149.0,  72.90,
1340200604, 011602, 063844,  174.7,  68.38,
1340200603, 011602, 063714,  198.1,  66.60,
1350200618, 022102, 065650,    4.3,  78.82,
1350200617, 022102, 065555,   14.2,  70.23,
1350200615, 022102, 065450,   25.5,  72.65,
1350200614, 022102, 065350,   34.3,  73.62,
1350200613, 022102, 065300,   44.1,  76.49,
1350200612, 022102, 065150,   58.6,  70.33,
1350200611, 022102, 065035,   73.5,  70.36,
1350200609, 022102, 064820,   98.7,  62.55,
1350200607, 022102, 064550,  123.7,  57.76,
1350200606, 022102, 064425,  152.3,  57.76,
1350200604, 022102, 064150,  172.6,  54.06,
1360200718, 031302, 065414,    4.2,  72.85,
1360200715, 031302, 065144,   24.8,  77.60,
1360200714, 031302, 065045,   34.8,  72.16,
1360200713, 031302, 064935,   44.1,  72.41,
1360200712, 031302, 064829,   58.7,  73.91,
1360200711, 031302, 064733,   74.5,  75.52,
1360200709, 031302, 064518,   99.9,  70.83,
1360200707, 031302, 064305,  125.0,  65.89,
1360200706, 031302, 064147,  148.5,  60.54,
1360200704, 031302, 063948,  175.2,  59.23,
1370200618, 052102, 065251,    4.6,  72.56,
1370200617, 052102, 065151,   14.2,  75.20,
1370200615, 052102, 065050,   24.3,  75.39,
1370200614, 052102, 065000,   34.1,  78.68,
1370200613, 052102, 064900,   44.6,  71.44,
1370200612, 052102, 064806,   59.0,  69.84,
1370200611, 052102, 064716,   74.4,  71.74,
1370200609, 052102, 064535,   99.6,  69.87,
1370200607, 052102, 064345,  123.6,  65.53,
1370200606, 052102, 064236,  150.4,  63.90,
1370200604, 052102, 064040,  174.9,  56.10,
1380200518, 063002, 015712,    4.0,  73.09,
1380200517, 063002, 015612,   13.8,  71.64,
1380200515, 063002, 015502,   24.2,  72.58,
1380200514, 063002, 015402,   34.4,  71.39,
1380200513, 063002, 015302,   44.3,  73.70,
1380200512, 063002, 015152,   59.3,  70.39,
1380200511, 063002, 015042,   74.6,  68.68,
1380200509, 063002, 014827,  100.3,  66.85,
1380200507, 063002, 014617,  124.2,  61.65,
1380200506, 063002, 014501,  148.7,  57.44,
1380200503, 063002, 014112,  200.0,  52.47,
1390200618, 082802, 072140,    5.3,  73.50,
1390200617, 082802, 072030,   14.4,  72.92,
1390200615, 082802, 071920,   25.4,  77.50,
1390200614, 082802, 071815,   34.7,  73.57,
1390200613, 082802, 071715,   44.6,  73.13,
1390200612, 082802, 071600,   60.9,  71.22,
1390200611, 082802, 071430,   75.4,  69.78,
1390200609, 082802, 071200,   99.4,  68.53,
1390200607, 082802, 070909,  124.8,  69.45,
1390200606, 082802, 070720,  150.3,  62.69,
1390200604, 082802, 070316,  174.1,  57.07,
1400200619, 100702, 065410,    4.9,  79.29,
1400200617, 100702, 065300,   15.0,  76.54,
1400200615, 100702, 065150,   24.3,  71.85,
1400200614, 100702, 065050,   35.0,  78.35,
1400200613, 100702, 064950,   44.3,  78.31,
1400200612, 100702, 064850,   59.9,  77.04,
1400200611, 100702, 064750,   77.3,  79.56,
1400200609, 100702, 064535,   98.7,  73.93,
1400200607, 100702, 064305,  124.5,  69.96,
1400200606, 100702, 064150,  149.1,  64.57,
1400200604, 100702, 063940,  174.5,  61.95,
1410200718, 110402, 095717,    4.6,  78.16,
1410200717, 110402, 095558,   14.5,  80.97,
1410200715, 110402, 095457,   25.1,  77.46,
1410200714, 110402, 095357,   35.4,  83.85,
1410200713, 110402, 095307,   45.2,  76.88,
1410200712, 110402, 095208,   60.5,  74.44,
1410200711, 110402, 095108,   75.1,  71.53,
1410200709, 110402, 094858,  100.8,  69.00,
1410200707, 110402, 094628,  124.9,  63.58,
1410200706, 110402, 094508,  149.2,  55.70,
1410200704, 110402, 094248,  174.3,  61.27,
1420200718, 112502, 101005,    3.7,  69.14,
1420200717, 112502, 100845,   14.5,  69.09,
1420200715, 112502, 100725,   25.1,  82.37,
1420200714, 112502, 100610,   35.2,  74.89,
1420200713, 112502, 100455,   43.7,  80.44,
1420200712, 112502, 100310,   59.2,  85.95,
1420200711, 112502, 100135,   76.1,  77.55,
1420200709, 112502, 095845,   97.7,  66.79,
1420200707, 112502, 095530,  124.7,  61.11,
1420200706, 112502, 095345,  146.3,  55.79,
1420200704, 112502, 095050,  172.7,  53.92,
1430200718, 121902, 095929,    5.0,  72.85,
1430200717, 121902, 095839,   14.4,  75.39,
1430200715, 121902, 095729,   25.0,  73.58,
1430200714, 121902, 095634,   34.5,  75.37,
1430200713, 121902, 095544,   44.6,  72.09,
1430200711, 121902, 095334,   75.3,  72.11,
1430200709, 121902, 095129,  100.5,  63.95,
1430200707, 121902, 094929,  124.5,  58.86,
1430200706, 121902, 094814,  149.8,  55.49,
1430200704, 121902, 094609,  174.9,  53.29,
1440200618, 011703, 095502,    4.2,  70.02,
1440200617, 011703, 095418,   13.9,  70.38,
1440200615, 011703, 095312,   24.9,  71.02,
1440200614, 011703, 095227,   33.4,  69.94,
1440200613, 011703, 095138,   45.1,  69.60,
1440200612, 011703, 095007,   58.2,  69.01,
1440200611, 011703, 094903,   74.6,  68.79,
1440200609, 011703, 094708,   99.3,  69.85,
1440200607, 011703, 094523,  124.9,  60.76,
1440200606, 011703, 094418,  148.8,  56.69,
1440200604, 011703, 094218,  174.3,  54.38,
1450200718, 022603, 095707,    4.5,  69.16,
1450200717, 022603, 095607,   14.4,  68.20,
1450200715, 022603, 095458,   24.0,  69.42,
1450200714, 022603, 095358,   34.1,  69.18,
1450200713, 022603, 095247,   44.7,  73.56,
1450200712, 022603, 095138,   60.7,  68.90,
1450200711, 022603, 095028,   73.1,  66.46,
1450200709, 022603, 094757,   99.2,  65.95,
1450200707, 022603, 094527,  126.0,  63.66,
1450200706, 022603, 094358,  149.5,  60.72,
1450200704, 022603, 094127,  174.5,  53.01,
1460200718, 032903, 101044,    9.8,  71.77,
1460200717, 032903, 100939,   15.5,  67.59,
1460200715, 032903, 100759,   25.7,  72.14,
1460200714, 032903, 100654,   33.2,  67.98,
1460200713, 032903, 100539,   44.8,  68.34,
1460200712, 032903, 100414,   59.3,  68.31,
1460200711, 032903, 100254,   74.0,  64.53,
1460200709, 032903, 100009,   99.6,  61.79,
1460200707, 032903, 095654,  123.9,  57.59,
1460200706, 032903, 095509,  149.3,  56.31,
1460200704, 032903, 095214,  175.1,  50.89,
1470200718, 042403, 095959,    4.9,  68.67,
1470200717, 042403, 095859,   14.5,  74.50,
1470200715, 042403, 095749,   24.3,  68.99,
1470200714, 042403, 095649,   33.7,  68.96,
1470200713, 042403, 095539,   44.4,  71.52,
1470200712, 042403, 095429,   59.0,  64.95,
1470200711, 042403, 095329,   73.9,  71.91,
1470200709, 042403, 095119,   98.7,  64.34,
1470200707, 042403, 094914,  123.7,  61.29,
1470200706, 042403, 094745,  149.4,  53.39,
1470200704, 042403, 094429,  174.3,  51.93,
1480200718, 052103, 095612,    4.6,  69.79,
1480200717, 052103, 095506,   14.2,  73.42,
1480200715, 052103, 095346,   24.2,  75.10,
1480200714, 052103, 095241,   34.5,  74.59,
1480200713, 052103, 095142,   45.2,  74.44,
1480200712, 052103, 095036,   60.2,  72.13,
1480200711, 052103, 094928,   74.2,  70.60,
1480200709, 052103, 094717,   99.4,  64.80,
1480200707, 052103, 094457,  124.7,  62.45,
1480200706, 052103, 094337,  148.9,  60.92,
1480200704, 052103, 094117,  174.2,  57.49,
1480200703, 052103, 093958,  199.7,  57.90,
1490200719, 062003, 100245,    5.1,  79.91,
1490200715, 062003, 100010,   24.9,  76.18,
1490200714, 062003, 095904,   35.2,  83.23,
1490200713, 062003, 095754,   45.1,  83.88,
1490200712, 062003, 095639,   59.5,  77.22,
1490200711, 062003, 095509,   74.8,  77.70,
1490200709, 062003, 095239,   99.5,  73.28,
1490200707, 062003, 095015,  124.6,  65.53,
1490200706, 062003, 094839,  149.6,  65.80,
1490200704, 062003, 094609,  175.5,  66.45,
1500200719, 072003, 101350,    4.8,  72.90,
1500200718, 072003, 101210,   14.9,  72.23,
1500200716, 072003, 101047,   24.9,  73.08,
1500200715, 072003, 100948,   34.3,  73.20,
1500200714, 072003, 100841,   45.0,  72.76,
1500200713, 072003, 100733,   59.4,  72.49,
1500200712, 072003, 100607,   74.5,  68.56,
1500200710, 072003, 100231,   98.7,  67.29,
1500200708, 072003, 100005,  124.8,  65.40,
1500200707, 072003, 095842,  148.9,  58.77,
1500200705, 072003, 095637,  174.0,  54.49,
1510200719, 082103, 095708,    4.5,  72.90,
1510200718, 082103, 095607,   13.9,  72.98,
1510200716, 082103, 095453,   25.3,  75.47,
1510200715, 082103, 095400,   34.9,  73.21,
1510200714, 082103, 095245,   44.7,  72.97,
1510200713, 082103, 095139,   59.8,  74.17,
1510200712, 082103, 095030,   74.1,  74.97,
1510200710, 082103, 094837,  100.1,  71.76,
1510200708, 082103, 094700,  123.7,  68.06,
1510200707, 082103, 094553,  149.2,  60.52,
1510200705, 082103, 094406,  174.9,  56.60,
1510200704, 082103, 094252,  198.9,  56.29,
1520200719, 101503, 100934,    4.6,  72.53,
1520200718, 101503, 100815,   14.8,  74.83,
1520200716, 101503, 100649,   25.2,  72.92,
1520200715, 101503, 100539,   34.7,  74.82,
1520200713, 101503, 100318,   59.7,  75.18,
1520200712, 101503, 100203,   74.2,  71.83,
1520200710, 101503, 095921,  100.5,  70.89,
1520200708, 101503, 095613,  125.5,  65.07,
1520200707, 101503, 095444,  150.1,  61.22,
1520200705, 101503, 095149,  174.9,  56.80,
1530200718, 111003, 102917,    4.8,  79.69,
1530200715, 111003, 102306,   24.2,  79.12,
1530200714, 111003, 102143,   36.6,  80.07,
1530200713, 111003, 102042,   43.5,  78.35,
1530200712, 111003, 101859,   59.9,  76.80,
1530200709, 111003, 101459,   99.4,  62.97,
1530200707, 111003, 101234,  124.5,  58.61,
1530200706, 111003, 101050,  151.8,  56.92,
1530200704, 111003, 100814,  175.2,  54.84,
1540200618, 122003, 101115,    6.5,  74.74,
1540200617, 122003, 100903,   14.9,  74.42,
1540200615, 122003, 100749,   24.1,  74.82,
1540200614, 122003, 100624,   36.5,  75.59,
1540200612, 122003, 100422,   59.7,  75.99,
1540200611, 122003, 100243,   75.4,  73.44,
1540200609, 122003, 100008,  100.5,  65.28,
1540200607, 122003, 095753,  124.8,  61.24,
1540200606, 122003, 095632,  149.6,  61.64,
1540200604, 122003, 095357,  181.0,  55.66,
1540200603, 122003, 095209,  199.8,  53.31,
1550200718, 012204, 095251,    3.6,  74.91,
1550200717, 012204, 095201,   12.9,  73.62,
1550200715, 012204, 095052,   24.7,  75.56,
1550200714, 012204, 094955,   34.0,  72.67,
1550200713, 012204, 094900,   43.2,  72.77,
1550200712, 012204, 094800,   59.8,  72.25,
1550200711, 012204, 094711,   73.5,  71.88,
1550200709, 012204, 094520,   99.1,  72.11,
1550200707, 012204, 094336,  123.2,  73.36,
1550200706, 012204, 094225,  148.7,  61.03,
1550200704, 012204, 094015,  175.4,  56.39,
1560200718, 022504, 095850,    4.7,  73.81,
1560200717, 022504, 095750,   14.0,  76.33,
1560200716, 022504, 095650,   23.8,  75.83,
1560200714, 022504, 095445,   33.6,  72.07,
1560200713, 022504, 095351,   45.1,  74.19,
1560200712, 022504, 095255,   59.5,  72.94,
1560200711, 022504, 095142,   72.9,  72.66,
1560200709, 022504, 094950,   99.4,  72.67,
1560200707, 022504, 094735,  124.7,  67.70,
1560200706, 022504, 094630,  148.7,  63.23,
1560200704, 022504, 094431,  177.5,  54.24,
1570200719, 032004, 102505,    8.0,  67.33,
1570200718, 032004, 102409,   14.8,  65.90,
1570200716, 032004, 102259,   24.7,  67.83,
1570200715, 032004, 102200,   34.6,  66.93,
1570200714, 032004, 102044,   46.3,  63.41,
1570200713, 032004, 101920,   58.9,  63.23,
1570200712, 032004, 101745,   73.6,  62.98,
1570200710, 032004, 101521,   99.6,  60.64,
1570200708, 032004, 101300,  124.5,  55.47,
1570200707, 032004, 101130,  149.5,  48.83,
1570200705, 032004, 100850,  174.3,  46.10,
1570200704, 032004, 100701,  199.8,  52.18,
1580200719, 042104, 103330,    4.7,  72.38,
1580200718, 042104, 103151,   14.4,  73.15,
1580200716, 042104, 103010,   24.9,  72.96,
1580200715, 042104, 102822,   35.0,  73.82,
1580200714, 042104, 102651,   44.4,  71.83,
1580200713, 042104, 102521,   60.9,  72.26,
1580200712, 042104, 102346,   75.1,  71.83,
1580200710, 042104, 102030,   99.9,  69.49,
1580200708, 042104, 101720,  125.2,  67.01,
1580200707, 042104, 101501,  149.4,  63.55,
1580200705, 042104, 101150,  173.8,  70.08,
1580200704, 042104, 101001,  199.3,  53.33,
1590200718, 051904, 095521,   14.2,  71.47,
1590200716, 051904, 095406,   24.2,  70.64,
1590200715, 051904, 095251,   34.1,  69.73,
1590200714, 051904, 095147,   43.9,  67.79,
1590200713, 051904, 095031,   59.5,  68.63,
1590200712, 051904, 094923,   73.9,  65.14,
1590200710, 051904, 094541,   98.3,  59.84,
1590200708, 051904, 094301,  123.8,  55.16,
1590200707, 051904, 094122,  149.2,  50.91,
1590200705, 051904, 093852,  174.4,  49.23,
1590200704, 051904, 093722,  198.3,  48.29,
1600200819, 061604, 095305,    3.8,  74.04,
1600200818, 061604, 095209,   13.6,  74.75,
1600200816, 061604, 095100,   24.0,  71.41,
1600200815, 061604, 095001,   32.9,  73.58,
1600200814, 061604, 094850,   44.6,  78.96,
1600200813, 061604, 094740,   59.4,  73.20,
1600200812, 061604, 094605,   74.0,  69.57,
1600200810, 061604, 094410,   99.0,  67.95,
1600200808, 061604, 094225,  123.0,  68.10,
1600200807, 061604, 094114,  149.2,  64.18,
1600200805, 061604, 093929,  173.7,  53.66,
1600200804, 061604, 093805,  198.5,  62.84,
1610200322, 071404, 002513,    4.9,  77.89,
1610200319, 071404, 002333,   25.1,  74.03,
1610200317, 071404, 002158,   43.4,  76.25,
1610200315, 071404, 002038,   60.0,  72.54,
1610200314, 071404, 001933,   74.4,  73.21,
1610200311, 071404, 001703,   99.7,  72.28,
1610200308, 071404, 001452,  125.1,  66.84,
1610200305, 071404, 001242,  149.8,  63.05,
1610200303, 071404, 001113,  174.8,  59.30,
1610200301, 071404, 000922,  200.0,  56.30,
1620201119, 081704, 102258,    4.2,  77.42,
1620201118, 081704, 102212,   13.8,  78.92,
1620201116, 081704, 102057,   24.8,  78.11,
1620201115, 081704, 101959,   34.5,  80.92,
1620201114, 081704, 101902,   44.8,  78.81,
1620201113, 081704, 101800,   59.9,  76.60,
1620201112, 081704, 101706,   74.5,  71.05,
1620201110, 081704, 101512,   99.9,  66.36,
1620201108, 081704, 101308,  124.6,  60.44,
1620201107, 081704, 101149,  149.6,  60.63,
1620201105, 081704, 100941,  175.0,  55.82,
1620201104, 081704, 100825,  199.2,  53.43,
1630200819, 092904, 095158,    4.9,  79.20,
1630200818, 092904, 095108,   14.5,  78.81,
1630200816, 092904, 094939,   24.4,  73.05,
1630200815, 092904, 094844,   34.5,  73.51,
1630200814, 092904, 094753,   44.7,  73.13,
1630200813, 092904, 094700,   59.3,  70.53,
1630200812, 092904, 094558,   73.1,  68.04,
1630200810, 092904, 094418,   99.3,  64.67,
1630200808, 092904, 094108,  124.4,  64.15,
1630200807, 092904, 093943,  149.5,  57.74,
1630200805, 092904, 093748,  174.9,  54.68,
1630200804, 092904, 093633,  199.5,  50.82,
1640200719, 103104, 095221,    5.0,  78.33,
1640200718, 103104, 095126,   14.7,  78.55,
1640200716, 103104, 095015,   24.5,  78.19,
1640200715, 103104, 094925,   34.6,  79.21,
1640200714, 103104, 094825,   44.7,  78.38,
1640200713, 103104, 094715,   60.1,  75.40,
1640200712, 103104, 094625,   75.2,  71.41,
1640200710, 103104, 094432,   99.4,  64.35,
1640200708, 103104, 094205,  124.2,  61.02,
1640200707, 103104, 094053,  149.7,  59.22,
1640200705, 103104, 093900,  175.8,  54.51,
1650200819, 112804, 095450,   24.4,  74.01,
1650200818, 112804, 095442,   24.4,  74.80,
1650200816, 112804, 095219,   44.9,  71.82,
1650200815, 112804, 095052,   59.3,  76.39,
1650200814, 112804, 094925,   74.9,  71.89,
1650200813, 112804, 094809,   84.2,  69.95,
1650200812, 112804, 094759,   84.3,  68.26,
1650200810, 112804, 094626,   98.7,  64.63,
1650200808, 112804, 094352,  126.8,  60.00,
1650200807, 112804, 094223,  148.1,  54.50,
1650200805, 112804, 093953,  174.3,  51.23,
1660200919, 122104, 101124,    5.1,  73.06,
1660200918, 122104, 100948,   14.6,  71.21,
1660200916, 122104, 100803,   25.1,  70.15,
1660200915, 122104, 100628,   34.9,  68.11,
1660200914, 122104, 100451,   44.5,  68.59,
1660200913, 122104, 100309,   60.6,  68.20,
1660200912, 122104, 100131,   74.9,  67.99,
1660200910, 122104, 095803,  100.5,  67.13,
1660200908, 122104, 095433,  125.6,  58.29,
1660200907, 122104, 095203,  149.4,  55.85,
1660200905, 122104, 094839,  174.1,  54.60,
1660200904, 122104, 094622,  199.6,  51.09,
1670200819, 020205, 101014,    4.7,  70.64,
1670200818, 020205, 100903,   15.4,  67.88,
1670200816, 020205, 100713,   25.6,  71.18,
1670200815, 020205, 100548,   35.5,  69.03,
1670200814, 020205, 100414,   45.3,  69.75,
1670200813, 020205, 100253,   60.6,  69.34,
1670200812, 020205, 100114,   75.3,  66.91,
1670200810, 020205, 095826,  100.1,  62.58,
1670200808, 020205, 095535,  126.1,  57.36,
1670200807, 020205, 095341,  151.4,  52.76,
1670200805, 020205, 095052,  174.3,  51.76,
1670200804, 020205, 094913,  199.6,  49.98,
1680200819, 030505, 102006,    4.8,  69.65,
1680200818, 030505, 101848,   15.1,  71.61,
1680200816, 030505, 101709,   25.5,  69.10,
1680200815, 030505, 101605,   34.1,  69.40,
1680200814, 030505, 101455,   45.0,  67.90,
1680200813, 030505, 101334,   60.6,  68.85,
1680200812, 030505, 101200,   75.5,  70.50,
1680200810, 030505, 100935,   99.7,  60.18,
1680200808, 030505, 100706,  125.3,  62.76,
1680200807, 030505, 100542,  150.8,  57.72,
1680200805, 030505, 100250,  174.9,  53.31,
1680200804, 030505, 100120,  199.7,  52.49,
1690200519, 051805, 102306,   10.2,  77.22,
1690200518, 051805, 102122,   15.0,  81.61,
1690200516, 051805, 101938,   24.7,  75.79,
1690200515, 051805, 101814,   34.9,  78.30,
1690200514, 051805, 101655,   44.5,  76.03,
1690200513, 051805, 101522,   59.9,  82.71,
1690200512, 051805, 101327,   74.4,  77.16,
1690200510, 051805, 100938,  100.2,  74.63,
1690200508, 051805, 100604,  125.2,  79.27,
1690200507, 051805, 100406,  150.0,  69.08,
1690200505, 051805, 100037,  174.5,  68.47,
1690200504, 051805, 095843,  199.9,  62.55,
1700200818, 061505, 102254,   13.4,  73.42,
1700200816, 061505, 102051,   25.0,  76.45,
1700200815, 061505, 101905,   34.9,  77.12,
1700200814, 061505, 101732,   45.9,  76.29,
1700200813, 061505, 101516,   59.8,  72.86,
1700200812, 061505, 101305,   75.3,  72.88,
1700200810, 061505, 100923,   99.7,  68.77,
1700200808, 061505, 100508,  123.9,  59.70,
1700200807, 061505, 100314,  150.8,  54.07,
1700200805, 061505, 095937,  174.8,  56.11,
1710200921, 071705, 104350,    5.1,  76.91,
1710200920, 071705, 104230,   14.8,  80.37,
1710200918, 071705, 104100,   24.7,  76.83,
1710200917, 071705, 103934,   34.4,  77.77,
1710200915, 071705, 103805,   44.8,  77.18,
1710200914, 071705, 103635,   59.4,  80.41,
1710200913, 071705, 103505,   75.0,  74.70,
1710200911, 071705, 103205,   99.6,  75.50,
1710200909, 071705, 102905,  124.7,  73.05,
1710200908, 071705, 102715,  150.1,  63.02,
1710200905, 071705, 102430,  174.6,  60.96,
1720200819, 081405, 100313,    4.9,  74.82,
1720200818, 081405, 100148,   13.0,  73.34,
1720200816, 081405, 100032,   25.0,  73.87,
1720200814, 081405, 095808,   45.1,  72.89,
1720200813, 081405, 095653,   60.4,  74.49,
1720200812, 081405, 095538,   75.8,  71.13,
1720200810, 081405, 095314,  101.1,  69.18,
1720200808, 081405, 095029,  124.7,  65.91,
1720200807, 081405, 094852,  151.0,  57.61,
1720200805, 081405, 094614,  175.7,  55.83,
1730200823, 091005, 104239,    5.9,  74.46,
1730200822, 091005, 104130,   14.4,  74.32,
1730200820, 091005, 103950,   24.0,  74.94,
1730200818, 091005, 103714,   44.7,  75.39,
1730200817, 091005, 103551,   59.6,  73.67,
1730200816, 091005, 103436,   74.9,  71.60,
1730200814, 091005, 103218,   99.9,  68.39,
1730200812, 091005, 102913,  124.4,  65.92,
1730200811, 091005, 102741,  151.0,  63.41,
1740201822, 101005, 013345,    6.5,  78.35,
1740201821, 101005, 013129,   14.9,  77.64,
1740201819, 101005, 013008,   26.1,  76.58,
1740201818, 101005, 012846,   34.9,  75.87,
1740201817, 101005, 012734,   45.2,  76.86,
1740201816, 101005, 012622,   61.5,  76.59,
1740201815, 101005, 012458,   75.1,  78.30,
1740201812, 101005, 012058,   99.9,  68.09,
1740201809, 101005, 011713,  124.9,  61.56,
1740201807, 101005, 011435,  151.0,  55.19,
1740201805, 101005, 011207,  175.5,  53.43,
1740201804, 101005, 011039,  199.1,  53.29,
1750200923, 111205, 104510,    4.8,  73.70,
1750200922, 111205, 104332,   12.9,  73.88,
1750200919, 111205, 104054,   23.8,  70.61,
1750200918, 111205, 103930,   33.2,  72.59,
1750200917, 111205, 103821,   43.0,  74.00,
1750200916, 111205, 103701,   58.1,  73.35,
1750200915, 111205, 103540,   73.1,  71.02,
1750200912, 111205, 103215,   98.8,  65.80,
1750200909, 111205, 102846,  123.8,  62.60,
1750200907, 111205, 102615,  149.2,  58.64,
1750200905, 111205, 102347,  173.8,  57.23,
1750200904, 111205, 102215,  199.6,  55.45,
1760200822, 121305, 100522,    5.8,  75.40,
1760200821, 121305, 100359,   15.3,  75.65,
1760200819, 121305, 100232,   25.1,  73.43,
1760200818, 121305, 100055,   34.8,  74.47,
1760200817, 121305, 095928,   45.7,  72.76,
1760200816, 121305, 095754,   59.8,  74.08,
1760200815, 121305, 095631,   74.8,  74.61,
1760200812, 121305, 095210,   98.8,  71.88,
1760200809, 121305, 094823,  124.9,  62.90,
1760200807, 121305, 094532,  152.6,  59.63,
1760200805, 121305, 094250,  175.2,  54.17,
1760200804, 121305, 094110,  200.0,  51.78,
1770200722, 012606, 005924,    6.6,  72.03,
1770200721, 012606, 005814,   16.5,  70.81,
1770200719, 012606, 005623,   24.8,  74.25,
1770200718, 012606, 005524,   36.4,  70.52,
1770200717, 012606, 005414,   46.3,  67.16,
1770200716, 012606, 005259,   59.8,  68.60,
1770200715, 012606, 005134,   75.6,  70.51,
1770200712, 012606, 004813,   98.1,  69.72,
1770200709, 012606, 004454,  125.0,  68.03,
1770200707, 012606, 004214,  150.0,  64.81,
1770200705, 012606, 003928,  172.8,  56.53,
1770200704, 012606, 003753,  198.6,  53.34,
1770201118, 012606, 162249,  115.3,  66.35,
1780200822, 021506, 101857,    7.2,  69.24,
1780200821, 021506, 101641,   15.0,  70.45,
1780200819, 021506, 101241,   25.1,  73.62,
1780200818, 021506, 101105,   35.2,  72.13,
1780200817, 021506, 100942,   45.4,  69.27,
1780200816, 021506, 100813,   58.4,  71.54,
1780200815, 021506, 100612,   76.0,  70.05,
1780200812, 021506, 100200,   99.3,  62.77,
1780200809, 021506, 095821,  124.5,  56.98,
1780200807, 021506, 095503,  150.9,  51.80,
1780200804, 021506, 094900,  200.0,  46.32,
1790201122, 031006, 103004,    7.5,  69.45,
1790201121, 031006, 102827,   15.1,  68.52,
1790201119, 031006, 102631,   24.3,  67.37,
1790201118, 031006, 102514,   36.4,  70.17,
1790201117, 031006, 102401,   46.4,  71.68,
1790201116, 031006, 102219,   60.2,  70.14,
1790201115, 031006, 102045,   75.2,  69.39,
1790201112, 031006, 101608,  101.5,  68.55,
1790201109, 031006, 101129,  124.2,  69.15,
1790201107, 031006, 100834,  148.6,  64.23,
1790201105, 031006, 100544,  174.9,  54.24,
1790201104, 031006, 100326,  199.8,  52.35,
1800200822, 040206, 103604,    9.1,  71.48,
1800200821, 040206, 103307,   15.2,  74.01,
1800200819, 040206, 103129,   24.2,  74.03,
1800200818, 040206, 102921,   35.7,  69.16,
1800200817, 040206, 102753,   46.0,  73.19,
1800200816, 040206, 102625,   59.1,  70.17,
1800200815, 040206, 102449,   74.8,  70.44,
1800200812, 040206, 101851,   99.7,  67.65,
1800200809, 040206, 101256,  124.5,  67.99,
1800200807, 040206, 100950,  149.6,  69.82,
1800200805, 040206, 100650,  175.2,  62.74,
1800200804, 040206, 100502,  198.7,  56.39,
1810200922, 052706, 101749,    9.3,  73.55,
1810200921, 052706, 101558,   15.1,  73.73,
1810200918, 052706, 101234,   35.8,  70.94,
1810200917, 052706, 101055,   44.9,  67.62,
1810200915, 052706, 100811,   75.0,  66.83,
1810200909, 052706, 100106,  125.2,  62.56,
1810200907, 052706, 095835,  150.4,  69.07,
1810200905, 052706, 095548,  175.8,  52.34,
1810200904, 052706, 095416,  199.9,  47.90,
1820201022, 061406, 220850,    7.8,  69.22,
1820201021, 061406, 220605,   15.3,  70.36,
1820201019, 061406, 220455,   25.5,  72.15,
1820201018, 061406, 220345,   35.7,  70.06,
1820201017, 061406, 220245,   45.3,  70.44,
1820201016, 061406, 220140,   60.7,  69.33,
1820201015, 061406, 220030,   75.5,  68.16,
1820201012, 061406, 215715,  100.2,  64.96,
1820201009, 061406, 215435,  125.4,  55.64,
1820201007, 061406, 215230,  150.5,  52.80,
1820201005, 061406, 215036,  174.9,  51.79,
1830200922, 071306, 103555,    9.1,  74.85,
1830200921, 071306, 103241,   15.7,  78.80,
1830200919, 071306, 103029,   26.0,  69.97,
1830200918, 071306, 102835,   35.9,  72.23,
1830200917, 071306, 102639,   45.9,  79.09,
1830200916, 071306, 102437,   60.5,  75.86,
1830200915, 071306, 102157,   76.3,  74.81,
1830200912, 071306, 101556,  100.6,  67.50,
1830200909, 071306, 100958,  125.8,  63.91,
1830200907, 071306, 100531,  151.2,  61.10,
1830200905, 071306, 100006,  175.9,  56.14,
1840200922, 080906, 103440,    7.5,  69.08,
1840200921, 080906, 103245,   15.4,  69.31,
1840200919, 080906, 103026,   25.8,  75.20,
1840200918, 080906, 102855,   34.7,  71.33,
1840200917, 080906, 102715,   44.8,  69.28,
1840200916, 080906, 102548,   60.0,  72.03,
1840200915, 080906, 102414,   74.6,  64.88,
1840200912, 080906, 102020,  100.9,  62.80,
1840200909, 080906, 101615,  125.9,  59.18,
1840200907, 080906, 101245,  150.5,  50.92,
1840200905, 080906, 100950,  174.8,  53.78,
1850200822, 091606, 100801,    5.6,  76.85,
1850200821, 091606, 100631,   15.2,  81.60,
1850200819, 091606, 100514,   25.6,  81.18,
1850200818, 091606, 100325,   35.1,  80.87,
1850200817, 091606, 100148,   45.7,  77.31,
1850200816, 091606, 100032,   60.6,  80.39,
1850200815, 091606, 095857,   76.2,  75.95,
1850200812, 091606, 095438,  100.6,  73.97,
1850200809, 091606, 095022,  125.5,  67.30,
1850200807, 091606, 094717,  151.0,  59.70,
1850200805, 091606, 094424,  177.5,  63.77,
1860201722, 102106, 101931,    8.1,  75.76,
1860201721, 102106, 101811,   18.1,  79.84,
1860201719, 102106, 101611,   25.3,  75.85,
1860201718, 102106, 101351,   35.9,  77.24,
1860201717, 102106, 101235,   45.8,  77.22,
1860201716, 102106, 101112,   61.6,  79.39,
1860201715, 102106, 100947,   74.7,  80.85,
1860201712, 102106, 100556,   97.3,  74.14,
1860201709, 102106, 100042,  125.3,  66.04,
1860201707, 102106, 095731,  151.8,  60.41,
1860201705, 102106, 095321,  172.6,  60.60,
1870200822, 110906, 102550,    8.8,  79.54,
1870200821, 110906, 102310,   15.6,  78.90,
1870200819, 110906, 102135,   25.8,  78.96,
1870200818, 110906, 101946,   35.2,  79.81,
1870200817, 110906, 101800,   45.0,  77.00,
1870200816, 110906, 101530,   61.0,  78.39,
1870200815, 110906, 101341,   75.2,  81.83,
1870200812, 110906, 100855,  100.5,  74.21,
1870200809, 110906, 100256,  125.2,  67.90,
1870200807, 110906, 095846,  151.5,  62.58,
1870200805, 110906, 095357,  176.3,  59.84,
1880200822, 121006, 101358,    7.7,  72.95,
1880200821, 121006, 101239,   17.3,  74.46,
1880200819, 121006, 100942,   24.7,  73.39,
1880200818, 121006, 100840,   36.2,  73.93,
1880200817, 121006, 100741,   46.7,  73.99,
1880200816, 121006, 100641,   61.3,  74.49,
1880200815, 121006, 100536,   75.7,  75.95,
1880200812, 121006, 100234,  101.2,  62.08,
1880200809, 121006, 095919,  126.6,  62.01,
1880200807, 121006, 095700,  152.0,  57.99,
1880200805, 121006, 095427,  176.9,  52.28,
1890200922, 020707, 102251,    4.7,  73.90,
1890200921, 020707, 102128,   15.0,  73.72,
1890200919, 020707, 101946,   24.9,  76.25,
1890200918, 020707, 101804,   34.6,  74.02,
1890200917, 020707, 101628,   44.7,  74.72,
1890200916, 020707, 101443,   58.8,  73.69,
1890200915, 020707, 101309,   75.2,  73.15,
1890200912, 020707, 100843,  100.0,  70.53,
1890200909, 020707, 100403,  125.2,  63.34,
1890200907, 020707, 100046,  150.1,  58.54,
1890200905, 020707, 095709,  174.2,  56.96,
1900200922, 032107, 102150,    4.4,  74.47,
1900200921, 032107, 102006,   14.8,  70.54,
1900200919, 032107, 101812,   25.1,  69.57,
1900200918, 032107, 101627,   35.7,  71.87,
1900200917, 032107, 101457,   45.1,  69.90,
1900200916, 032107, 101318,   60.2,  70.32,
1900200915, 032107, 101134,   74.6,  66.54,
1900200912, 032107, 100520,  100.3,  64.35,
1900200909, 032107, 095856,  124.8,  57.03,
1900200907, 032107, 095451,  149.0,  60.22,
1900200905, 032107, 095132,  174.2,  53.38,
1910200501, 050407, 212654,    7.5,  77.73,
1910200922, 050507, 101408,    7.3,  78.97,
1910200921, 050507, 101116,   15.3,  79.73,
1910200919, 050507, 100951,   24.5,  73.61,
1910200918, 050507, 100832,   35.4,  76.02,
1910200917, 050507, 100715,   44.9,  80.78,
1910200916, 050507, 100511,   60.3,  73.98,
1910200915, 050507, 100301,   74.5,  72.82,
1910200912, 050507, 095841,  100.2,  75.20,
1910200909, 050507, 095410,  125.1,  64.44,
1910200907, 050507, 095134,  149.9,  61.79,
1910200905, 050507, 094851,  174.1,  57.17,
1930200623, 070807, 102342,    6.3,  77.07,
1930200622, 070807, 102009,   14.6,  78.15,
1930200619, 070807, 101749,   24.9,  76.09,
1930200618, 070807, 101559,   35.0,  76.06,
1930200617, 070807, 101419,   45.0,  78.04,
1930200616, 070807, 101249,   59.9,  76.02,
1930200615, 070807, 101119,   74.8,  74.79,
1930200612, 070807, 100549,  100.5,  71.35,
1930200609, 070807, 100119,  125.2,  69.11,
1930200607, 070807, 095749,  149.7,  63.51,
1930200605, 070807, 095359,  175.6,  60.36,
1930200604, 070807, 095204,  199.7,  60.66,
1940200822, 080407, 102315,    6.7,  79.39,
1940200821, 080407, 102058,   16.1,  77.73,
1940200819, 080407, 101645,   24.8,  80.18,
1940200818, 080407, 101516,   35.6,  78.69,
1940200817, 080407, 101350,   45.2,  79.39,
1940200816, 080407, 101225,   60.2,  78.89,
1940200815, 080407, 101045,   75.4,  78.93,
1940200812, 080407, 100640,  100.4,  77.34,
1940200809, 080407, 100240,  124.4,  68.87,
1940200807, 080407, 095920,  150.0,  63.86,
1940200805, 080407, 095630,  175.8,  58.48,
1940200804, 080407, 095411,  199.8,  53.33,
1950200822, 090307, 102202,    6.9,  79.63,
1950200821, 090307, 101840,   16.4,  80.40,
1950200819, 090307, 101714,   25.8,  80.49,
1950200818, 090307, 101604,   36.0,  79.92,
1950200817, 090307, 101449,   45.7,  81.39,
1950200816, 090307, 101315,   60.9,  77.86,
1950200815, 090307, 101139,   75.8,  77.97,
1950200812, 090307, 100719,  100.4,  69.41,
1950200809, 090307, 100225,  126.1,  65.49,
1950200807, 090307, 095859,  150.6,  60.32,
1950200805, 090307, 095219,  175.4,  59.50,
1960200822, 100307, 101222,    5.0,  78.79,
1960200821, 100307, 101107,   14.4,  79.13,
1960200819, 100307, 100929,   23.7,  79.88,
1960200818, 100307, 100811,   34.1,  80.38,
1960200817, 100307, 100651,   44.9,  78.84,
1960200816, 100307, 100513,   60.8,  81.09,
1960200815, 100307, 100342,   76.6,  78.83,
1960200812, 100307, 100007,   99.5,  75.56,
1960200809, 100307, 095633,  124.7,  69.88,
1960200807, 100307, 095357,  149.8,  65.18,
1960200805, 100307, 095107,  176.7,  60.02,
1960200804, 100307, 094927,  197.5,  58.63,
1970200822, 120207, 112805,    5.8,  73.04,
1970200821, 120207, 112534,   14.5,  77.21,
1970200819, 120207, 112415,   24.8,  76.75,
1970200818, 120207, 112255,   35.4,  76.62,
1970200817, 120207, 112131,   44.5,  76.97,
1970200816, 120207, 112010,   60.4,  76.13,
1970200815, 120207, 111850,   74.7,  79.46,
1970200812, 120207, 111505,  100.2,  71.46,
1970200809, 120207, 111130,  124.9,  62.78,
1970200807, 120207, 110844,  150.9,  60.33,
1970200805, 120207, 110605,  175.8,  54.92,
1980200922, 122107, 102625,    7.5,  74.31,
1980200921, 122107, 102519,   15.2,  72.89,
1980200919, 122107, 102300,   25.4,  74.10,
1980200918, 122107, 102148,   34.7,  73.60,
1980200917, 122107, 102034,   46.5,  72.23,
1980200916, 122107, 101934,   61.3,  71.99,
1980200915, 122107, 101803,   76.1,  72.45,
1980200912, 122107, 101502,   98.9,  72.75,
1980200909, 122107, 101147,  125.9,  64.95,
1980200907, 122107, 100937,  149.4,  62.65,
1980200905, 122107, 100722,  174.7,  59.47,
1990200822, 013008, 103450,    6.9,  69.79,
1990200821, 013008, 103150,   13.5,  69.76,
1990200819, 013008, 103020,   25.8,  68.88,
1990200818, 013008, 102856,   33.8,  74.67,
1990200817, 013008, 102735,   44.8,  69.59,
1990200816, 013008, 102609,   58.8,  68.10,
1990200815, 013008, 102416,   75.8,  70.52,
1990200812, 013008, 101940,  100.2,  71.86,
1990200809, 013008, 101552,  124.0,  61.78,
1990200807, 013008, 101321,  148.6,  55.87,
1990200805, 013008, 101022,  173.9,  54.52,
1990200804, 013008, 100831,  199.9,  51.90,
2000200722, 022408, 072123,    7.7,  69.96,
2000200721, 022408, 071830,   15.9,  71.11,
2000200719, 022408, 071646,   26.5,  70.95,
2000200718, 022408, 071528,   35.5,  72.06,
2000200717, 022408, 071400,   44.4,  76.44,
2000200716, 022408, 071240,   60.4,  76.38,
2000200715, 022408, 071110,   74.9,  72.88,
2000200712, 022408, 070700,  100.1,  71.83,
2000200709, 022408, 070230,  124.1,  62.90,
2000200707, 022408, 065751,  150.3,  56.48,
2000200705, 022408, 065433,  175.7,  55.20,
2010200722, 052808, 071044,    8.1,  74.64,
2010200721, 052808, 070929,   18.1,  78.60,
2010200719, 052808, 070644,   25.9,  75.50,
2010200718, 052808, 070524,   36.5,  80.57,
2010200717, 052808, 070409,   45.6,  78.58,
2010200716, 052808, 070233,   60.9,  82.32,
2010200715, 052808, 070114,   75.9,  79.60,
2010200712, 052808, 065624,  100.3,  78.35,
2010200709, 052808, 065220,  126.2,  78.16,
2010200707, 052808, 064853,  150.4,  70.55,
2010200705, 052808, 064608,  175.3,  65.94,
2020200722, 062608, 071610,    7.8,  80.99,
2020200721, 062608, 071330,   15.4,  77.45,
2020200719, 062608, 071206,   25.1,  76.79,
2020200718, 062608, 071050,   35.2,  77.00,
2020200717, 062608, 070940,   45.3,  76.52,
2020200716, 062608, 070820,   60.1,  77.23,
2020200715, 062608, 070710,   73.6,  76.69,
2020200712, 062608, 070316,   99.5,  71.80,
2020200709, 062608, 065907,  124.3,  67.38,
2020200707, 062608, 065612,  150.6,  58.72,
2020200705, 062608, 065251,  175.1,  56.15,
2030200519, 072608, 230717,  198.3,  57.53,
2030200823, 072708, 071939,    6.1,  78.59,
2030200819, 072708, 071434,   24.4,  78.23,
2030200818, 072708, 071209,   34.5,  76.28,
2030200817, 072708, 071039,   45.0,  78.53,
2030200816, 072708, 070859,   59.6,  76.11,
2030200815, 072708, 070654,   74.4,  74.93,
2030200812, 072708, 070219,   99.7,  71.86,
2030200809, 072708, 065730,  125.5,  72.50,
2030200807, 072708, 065429,  149.6,  67.34,
2030200805, 072708, 065129,  173.9,  62.11,
2040200722, 081708, 070712,    7.7,  77.92,
2040200721, 081708, 070551,   18.1,  73.61,
2040200719, 081708, 070326,   24.6,  76.77,
2040200718, 081708, 070207,   35.8,  77.63,
2040200717, 081708, 070051,   45.9,  77.18,
2040200716, 081708, 065932,   59.7,  76.28,
2040200715, 081708, 065812,   76.2,  76.60,
2040200712, 081708, 065453,  100.8,  70.12,
2040200709, 081708, 065122,  124.8,  65.46,
2040200707, 081708, 064853,  149.7,  64.90,
2040200705, 081708, 064626,  174.1,  59.93,
2050200723, 101108, 071657,    6.3,  76.51,
2050200721, 101108, 071441,   16.0,  78.34,
2050200719, 101108, 071151,   25.1,  77.73,
2050200718, 101108, 071041,   34.9,  79.82,
2050200717, 101108, 070921,   45.8,  77.20,
2050200716, 101108, 070756,   60.5,  76.66,
2050200715, 101108, 070621,   75.4,  72.28,
2050200712, 101108, 070226,  100.1,  67.45,
2050200709, 101108, 065826,  124.8,  61.27,
2050200707, 101108, 065531,  149.5,  59.63,
2050200705, 101108, 065211,  175.0,  54.15,
2060200722, 120108, 104106,    7.1,  77.86,
2060200721, 120108, 103723,   13.9,  79.13,
2060200719, 120108, 103527,   23.3,  80.56,
2060200718, 120108, 103328,   35.1,  80.03,
2060200717, 120108, 103152,   43.7,  76.03,
2060200716, 120108, 102938,   58.6,  78.73,
2060200715, 120108, 102742,   74.5,  73.01,
2060200712, 120108, 102318,   98.8,  64.77,
2060200709, 120108, 101738,  123.6,  61.78,
2060200707, 120108, 101343,  150.6,  59.23,
2060200705, 120108, 101023,  175.1,  56.12,
2060200704, 120108, 100848,  200.0,  53.52,
2080200722, 012109, 105811,    7.4,  76.81,
2080200721, 012109, 105637,   15.2,  75.83,
2080200719, 012109, 105342,   24.1,  76.71,
2080200718, 012109, 105122,   35.0,  76.46,
2080200717, 012109, 105001,   44.8,  75.40,
2080200716, 012109, 104822,   60.2,  75.05,
2080200715, 012109, 104641,   74.0,  75.63,
2080200712, 012109, 104211,  100.4,  74.74,
2080200709, 012109, 103741,  124.4,  72.36,
2080200707, 012109, 103422,  149.6,  67.17,
2080200705, 012109, 103112,  175.1,  60.30,
2090200722, 021809, 073952,    8.9,  65.98,
2090200721, 021809, 073832,   18.1,  68.82,
2090200719, 021809, 073522,   24.4,  72.45,
2090200718, 021809, 073356,   35.4,  70.10,
2090200717, 021809, 073222,   44.4,  68.50,
2090200716, 021809, 073052,   59.2,  70.40,
2090200715, 021809, 072917,   75.6,  68.41,
2090200712, 021809, 072422,   98.9,  68.21,
2090200709, 021809, 071917,  125.7,  55.48,
2090200707, 021809, 071617,  149.3,  55.24,
2090200705, 021809, 071322,  174.4,  55.79,
2090200704, 021809, 071122,  199.5,  53.25,
2100200722, 042909, 073807,    5.3,  71.68,
2100200721, 042909, 073621,   14.6,  74.85,
2100200719, 042909, 073431,   24.8,  75.30,
2100200718, 042909, 073256,   34.9,  72.61,
2100200717, 042909, 073111,   45.4,  73.68,
2100200716, 042909, 072910,   59.3,  72.69,
2100200715, 042909, 072708,   74.4,  74.46,
2100200712, 042909, 072220,   99.9,  69.22,
2100200709, 042909, 071624,  125.6,  67.54,
2100200707, 042909, 071239,  149.9,  67.53,
2100200705, 042909, 070830,  176.0,  64.12,
2100200704, 042909, 070617,  199.5,  62.08,
2110200722, 052809, 072631,    4.7,  79.35,
2110200721, 052809, 072509,   15.4,  75.24,
2110200719, 052809, 072317,   25.2,  77.22,
2110200718, 052809, 072139,   35.5,  74.56,
2110200717, 052809, 072005,   45.5,  71.33,
2110200716, 052809, 071839,   60.0,  84.65,
2110200715, 052809, 071716,   75.7,  73.88,
2110200712, 052809, 071315,  100.3,  69.96,
2110200709, 052809, 070814,  124.6,  71.29,
2110200707, 052809, 070451,  149.8,  64.82,
2110200705, 052809, 070119,  175.4,  60.38,
2120200722, 070409, 071834,    5.4,  74.67,
2120200721, 070409, 071555,   15.3,  74.42,
2120200719, 070409, 071344,   24.3,  74.44,
2120200718, 070409, 071209,   35.1,  74.92,
2120200717, 070409, 071038,   44.3,  74.65,
2120200716, 070409, 070901,   60.2,  73.07,
2120200715, 070409, 070715,   74.5,  70.73,
2120200712, 070409, 070150,  100.3,  65.78,
2120200709, 070409, 065655,  124.6,  65.67,
2120200707, 070409, 065325,  150.3,  61.74,
2120200705, 070409, 064952,  174.8,  59.42,
2130201222, 072609, 102400,    5.7,  75.74,
2130201221, 072609, 101914,   15.2,  75.32,
2130201219, 072609, 101725,   25.3,  76.97,
2130201218, 072609, 101535,   35.3,  76.55,
2130201217, 072609, 101405,   45.2,  76.65,
2130201216, 072609, 101210,   59.9,  76.35,
2130201215, 072609, 101035,   74.8,  74.09,
2130201212, 072609, 100540,  100.2,  71.98,
2130201209, 072609, 100114,  124.7,  68.70,
2130201207, 072609, 095755,  149.6,  66.33,
2130201205, 072609, 095220,  174.6,  62.64,
2140200722, 081909, 074618,    6.0,  81.23,
2140200721, 081909, 074242,   14.4,  78.42,
2140200719, 081909, 074027,   24.3,  80.90,
2140200718, 081909, 073857,   35.6,  76.25,
2140200717, 081909, 073737,   45.6,  71.77,
2140200716, 081909, 073552,   58.7,  73.92,
2140200715, 081909, 073405,   73.7,  75.64,
2140200712, 081909, 072937,   98.9,  73.06,
2140200709, 081909, 072406,  124.7,  69.91,
2140200707, 081909, 072101,  153.1,  64.98,
2140200705, 081909, 071807,  174.6,  64.62,
2150200822, 092509, 071802,    5.3,  77.64,
2150200821, 092509, 071623,   15.0,  77.88,
2150200819, 092509, 071442,   24.9,  77.60,
2150200818, 092509, 071314,   35.6,  77.02,
2150200817, 092509, 071142,   44.5,  77.63,
2150200816, 092509, 070953,   61.6,  75.39,
2150200815, 092509, 070659,   69.1,  73.75,
2150200812, 092509, 070203,   99.7,  70.55,
2150200809, 092509, 065723,  123.9,  66.72,
2150200807, 092509, 065402,  149.4,  59.56,
2150200805, 092509, 065039,  175.2,  58.44,
2160200722, 110409, 072049,    4.8,  76.13,
2160200721, 110409, 071928,   17.0,  75.38,
2160200719, 110409, 071738,   23.5,  74.90,
2160200718, 110409, 071559,   34.2,  77.79,
2160200717, 110409, 071423,   45.4,  73.09,
2160200716, 110409, 071249,   58.7,  78.69,
2160200715, 110409, 071108,   75.3,  75.33,
2160200712, 110409, 070654,  100.0,  71.86,
2160200709, 110409, 070213,  125.3,  61.84,
2160200707, 110409, 065854,  150.1,  60.22,
2160200705, 110409, 065548,  174.9,  58.26,
2170200822, 121009, 071556,    4.8,  76.79,
2170200821, 121009, 071424,   14.2,  75.08,
2170200819, 121009, 071304,   24.7,  76.35,
2170200818, 121009, 071154,   34.9,  76.18,
2170200816, 121009, 070845,   59.3,  75.17,
2170200815, 121009, 070724,   75.0,  73.09,
2170200812, 121009, 070310,  100.5,  68.99,
2170200809, 121009, 065837,  125.8,  65.44,
2170200807, 121009, 065554,  149.9,  61.31,
2170200805, 121009, 065324,  174.5,  58.00,
2170200804, 121009, 065139,  200.0,  56.02,
2190200522, 031010, 183350,    4.7,  73.98,
2190200521, 031010, 183252,   15.6,  71.87,
2190200519, 031010, 183121,   25.5,  73.99,
2190200518, 031010, 183016,   36.1,  75.47,
2190200517, 031010, 182852,   45.6,  74.56,
2190200516, 031010, 182739,   59.9,  75.14,
2190200515, 031010, 182621,   75.3,  74.12,
2190200512, 031010, 182306,  101.3,  69.68,
2190200509, 031010, 181952,  125.4,  62.63,
2190200507, 031010, 181706,  150.8,  59.76,
2190200505, 031010, 181441,  172.8,  55.51,
2200200722, 040710, 070439,    4.8,  74.72,
2200200721, 040710, 070335,   15.2,  71.89,
2200200719, 040710, 070126,   25.6,  72.95,
2200200718, 040710, 070224,   35.3,  73.53,
2200200717, 040710, 070027,   45.4,  72.83,
2200200716, 040710, 065917,   59.7,  74.00,
2200200715, 040710, 065754,   76.6,  75.90,
2200200712, 040710, 065459,   99.8,  70.35,
2200200709, 040710, 065201,  124.6,  65.94,
2200200707, 040710, 064950,  151.1,  60.72,
2200200705, 040710, 064745,  175.6,  59.69,
2210200822, 051910, 070624,    4.2,  76.07,
2210200821, 051910, 070324,   14.8,  74.72,
2210200819, 051910, 070204,   24.7,  78.34,
2210200818, 051910, 070104,   35.3,  75.25,
2210200817, 051910, 065955,   45.4,  76.81,
2210200816, 051910, 065844,   60.4,  73.88,
2210200815, 051910, 065735,   74.5,  76.00,
2210200812, 051910, 065419,  100.0,  65.05,
2210200809, 051910, 065109,  125.5,  71.74,
2210200807, 051910, 064855,  150.4,  65.44,
2210200805, 051910, 064640,  175.3,  64.21,
2220200822, 060910, 070850,    5.6,  78.01,
2220200821, 060910, 070739,   15.3,  77.84,
2220200819, 060910, 070619,   25.0,  74.03,
2220200818, 060910, 070509,   36.0,  75.16,
2220200817, 060910, 070404,   45.7,  74.01,
2220200816, 060910, 070244,   61.5,  72.32,
2220200815, 060910, 070134,   74.1,  57.98,
2220200812, 060910, 065805,   98.2,  65.53,
2220200809, 060910, 065424,  124.8,  60.43,
2220200807, 060910, 065150,  146.6,  61.12,
2220200805, 060910, 064845,  175.8,  57.90,
2230200822, 070910, 090108,    5.7,  72.75,
2230200821, 070910, 085753,   15.0,  77.02,
2230200819, 070910, 085554,   25.0,  74.36,
2230200818, 070910, 085410,   35.1,  71.76,
2230200817, 070910, 085208,   44.3,  70.02,
2230200816, 070910, 085018,   59.5,  68.33,
2230200815, 070910, 084749,   74.4,  70.61,
2230200812, 070910, 084244,   99.3,  67.38,
2230200809, 070910, 083705,  125.1,  59.08,
2230200807, 070910, 083344,  149.1,  58.64,
2230200805, 070910, 083048,  174.9,  55.41,
2240200822, 080810, 072006,    5.7,  70.43,
2240200821, 080810, 071614,   15.2,  71.79,
2240200819, 080810, 071448,   25.3,  75.37,
2240200818, 080810, 071343,   35.6,  73.46,
2240200817, 080810, 071241,   45.2,  56.43,
2240200816, 080810, 071104,   60.6,  64.40,
2240200815, 080810, 070934,   75.5,  70.74,
2240200812, 080810, 070533,  100.2,  69.73,
2240200809, 080810, 070141,  125.2,  61.49,
2240200807, 080810, 065858,  150.3,  62.98,
2240200805, 080810, 065628,  175.1,  59.61,
2250200822, 090410, 103953,    5.4,  75.69,
2250200821, 090410, 103619,   14.9,  72.70,
2250200819, 090410, 103418,   25.6,  74.74,
2250200818, 090410, 103203,   35.2,  78.26,
2250200817, 090410, 103034,   45.5,  71.84,
2250200816, 090410, 102853,   60.2,  77.55,
2250200815, 090410, 102658,   76.0,  76.81,
2250200812, 090410, 102148,  100.5,  60.95,
2250200809, 090410, 101653,  125.5,  66.34,
2250200807, 090410, 101333,  150.2,  64.12,
2250200805, 090410, 100958,  175.4,  62.73,
2260200823, 100410, 071552,    7.5,  73.14,
2260200822, 100410, 071357,   16.1,  76.38,
2260200819, 100410, 071201,   26.0,  79.49,
2260200818, 100410, 071041,   35.0,  80.44,
2260200817, 100410, 070911,   45.9,  79.00,
2260200816, 100410, 070736,   61.1,  73.65,
2260200815, 100410, 070552,   75.3,  73.66,
2260200812, 100410, 070147,  100.6,  67.41,
2260200809, 100410, 065726,  125.5,  67.24,
2260200807, 100410, 065407,  150.4,  63.48,
2260200805, 100410, 065056,  174.9,  61.86,
2260200804, 100410, 064906,  199.8,  59.90,
2270200122, 112110, 063606,    5.2,  80.46,
2270200119, 112110, 063357,   24.8,  75.97,
2270200118, 112110, 063253,   35.5,  76.88,
2270200117, 112110, 063159,   44.9,  79.07,
2270200116, 112110, 063053,   59.3,  76.25,
2270200115, 112110, 062950,   74.8,  79.58,
2270200112, 112110, 062657,  100.4,  70.60,
2270200109, 112110, 062351,  124.7,  66.36,
2270200107, 112110, 062142,  150.0,  61.36,
2270200105, 112110, 061939,  174.7,  59.15,