botid, date, time, press, dop, 
#, mmddyy, hhmmss, dbar, umol/kg, 
0440200412, 012093, 065339,  135.1,   0.19,
0440200411, 012093, 064858,  149.7,   0.21,
0440200410, 012093, 064754,  160.5,   0.23,
0440200408, 012093, 064544,  198.1,   0.18,
0440200512, 012093, 100604,    9.1,   0.21,
0440200511, 012093, 100428,   24.7,   0.18,
0440200510, 012093, 100321,   35.6,   0.22,
0440200509, 012093, 100211,   45.3,   0.29,
0440200507, 012093, 095907,   75.5,   0.23,
0440200506, 012093, 095814,   86.1,   0.24,
0440200505, 012093, 095707,   95.3,   0.26,
0440200504, 012093, 095551,  104.0,   0.23,
0440200502, 012093, 095354,  130.4,   0.21,
0450200621, 021793, 071005,    5.1,   0.18,
0450200618, 021793, 070703,   24.3,   0.17,
0450200617, 021793, 070557,   35.5,   0.21,
0450200616, 021793, 070450,   45.4,   0.19,
0450200615, 021793, 070319,   58.7,   0.19,
0450200614, 021793, 070157,   74.3,   0.21,
0450200613, 021793, 070040,   84.6,   0.19,
0450200612, 021793, 065942,   94.6,   0.19,
0450200611, 021793, 065829,  104.7,   0.15,
0450200610, 021793, 065657,  114.5,   0.13,
0450200609, 021793, 065354,  124.5,   0.18,
0450200608, 021793, 065233,  137.0,   0.21,
0450200607, 021793, 065048,  151.5,   0.13,
0450200605, 021793, 064800,  175.4,   0.10,
0450200603, 021793, 064439,  203.8,   0.08,
0460200323, 041493, 071322,    3.8,   0.23,
0460200322, 041493, 071130,   15.0,   0.23,
0460200320, 041493, 071013,   26.0,   0.21,
0460200319, 041493, 070922,   34.9,   0.34,
0460200318, 041493, 070831,   44.4,   0.20,
0460200317, 041493, 070738,   60.2,   0.21,
0460200316, 041493, 070643,   75.5,   0.18,
0460200315, 041493, 070547,   85.4,   0.17,
0460200314, 041493, 070452,   95.9,   0.15,
0460200313, 041493, 070356,  104.9,   0.14,
0460200312, 041493, 070245,  115.0,   0.14,
0460200311, 041493, 070154,  125.0,   0.15,
0460200310, 041493, 070057,  134.9,   0.15,
0460200309, 041493, 065937,  150.4,   0.16,
0460200307, 041493, 065652,  176.2,   0.30,
0460200305, 041493, 065418,  196.2,   0.11,
0460200417, 041493, 103826,  104.2,   0.20,
0460200416, 041493, 103653,  148.1,   0.18,
0460200415, 041493, 103520,  179.0,   0.19,
0470200924, 052193, 020723,    6.5,   0.32,
0470200922, 052193, 020536,   14.8,   0.25,
0470200920, 052193, 020352,   24.5,   0.31,
0470200919, 052193, 020232,   34.9,   0.26,
0470200918, 052193, 020124,   45.0,   0.31,
0470200917, 052193, 015956,   55.1,   0.27,
0470200916, 052193, 015822,   74.7,   0.22,
0470200915, 052193, 015715,   85.0,   0.21,
0470200914, 052193, 015611,   95.3,   0.21,
0470200913, 052193, 015432,  106.3,   0.30,
0470200912, 052193, 015321,  116.4,   0.19,
0470200911, 052193, 015212,  124.5,   0.24,
0470200910, 052193, 015057,  134.8,   0.21,
0470200909, 052193, 014941,  150.1,   0.17,
0470200907, 052193, 014625,  176.4,   0.14,
0470200905, 052193, 014339,  203.8,   0.21,
0490200723, 091493, 063900,    5.4,   0.21,
0490200722, 091493, 063652,   15.6,   0.23,
0490200721, 091493, 063459,   25.6,   0.25,
0490200720, 091493, 063257,   36.7,   0.22,
0490200719, 091493, 063103,   46.6,   0.22,
0490200717, 091493, 062724,   61.4,   0.23,
0490200716, 091493, 062523,   76.2,   0.21,
0490200715, 091493, 062336,   86.5,   0.20,
0490200714, 091493, 062137,   96.4,   0.19,
0490200713, 091493, 061950,  105.9,   0.17,
0490200712, 091493, 061805,  116.2,   0.17,
0490200710, 091493, 061437,  125.6,   0.16,
0490200708, 091493, 061111,  136.3,   0.16,
0490200707, 091493, 060857,  154.2,   0.13,
0490200705, 091493, 060454,  177.7,   0.12,
0490200703, 091493, 060051,  200.9,   0.08,
0500200623, 102993, 074530,    7.1,   0.20,
0500200622, 102993, 074421,   17.2,   0.21,
0500200620, 102993, 074255,   27.1,   0.21,
0500200619, 102993, 074117,   37.3,   0.21,
0500200618, 102993, 074000,   48.4,   0.21,
0500200617, 102993, 073831,   58.5,   0.23,
0500200616, 102993, 073558,   80.3,   0.26,
0500200615, 102993, 073442,   78.9,   0.21,
0500200614, 102993, 073318,   93.4,   0.20,
0500200613, 102993, 073200,  105.2,   0.18,
0500200612, 102993, 073009,  117.8,   0.17,
0500200610, 102993, 072754,  125.0,   0.19,
0500200608, 102993, 072512,  138.4,   0.14,
0500200607, 102993, 072336,  148.9,   0.16,
0500200605, 102993, 072023,  176.8,   0.13,
0500200603, 102993, 071650,  197.4,   0.12,
0510200422, 012094, 091215,    7.5,   0.21,
0510200421, 012094, 091156,   17.1,   0.25,
0510200419, 012094, 090954,   27.3,   0.28,
0510200418, 012094, 090940,   36.7,   0.30,
0510200416, 012094, 090726,   62.9,   0.24,
0510200415, 012094, 090613,   76.6,   0.24,
0510200414, 012094, 090504,   85.8,   0.25,
0510200413, 012094, 090409,   96.1,   0.25,
0510200412, 012094, 090312,  106.4,   0.23,
0510200411, 012094, 090218,  114.6,   0.25,
0510200410, 012094, 090118,  125.7,   0.21,
0510200409, 012094, 090023,  136.4,   0.22,
0510200408, 012094, 085920,  153.1,   0.18,
0510200406, 012094, 085648,  168.8,   0.19,
0510200404, 012094, 085218,  204.6,   0.14,
0520200418, 021794, 040115,  174.9,   0.07,
0520200416, 021794, 035901,  199.0,   0.10,
0520200517, 021794, 065711,    4.8,   0.24,
0520200516, 021794, 065604,   15.0,   0.23,
0520200515, 021794, 065455,   25.4,   0.25,
0520200514, 021794, 065351,   35.0,   0.22,
0520200513, 021794, 065249,   44.9,   0.23,
0520200512, 021794, 065129,   61.4,   0.23,
0520200511, 021794, 065000,   77.8,   0.21,
0520200510, 021794, 064852,   85.6,   0.21,
0520200509, 021794, 064752,   95.4,   0.22,
0520200508, 021794, 064651,  106.1,   0.31,
0520200507, 021794, 064545,  114.4,   0.21,
0520200506, 021794, 064445,  125.5,   0.22,
0520200505, 021794, 064343,  135.2,   0.22,
0520200504, 021794, 064230,  150.4,   0.20,
0520200503, 021794, 064120,  161.8,   0.18,
0530200621, 030994, 060838,    4.6,   0.22,
0530200620, 030994, 060708,   14.9,   0.21,
0530200618, 030994, 060546,   25.2,   0.27,
0530200617, 030994, 060448,   36.8,   0.21,
0530200616, 030994, 060347,   45.5,   0.22,
0530200615, 030994, 060226,   60.1,   0.25,
0530200614, 030994, 060130,   75.0,   0.22,
0530200613, 030994, 060043,   83.3,   0.23,
0530200612, 030994, 055938,   95.2,   0.24,
0530200611, 030994, 055837,  104.9,   0.21,
0530200610, 030994, 055737,  115.9,   0.21,
0530200609, 030994, 055642,  125.8,   0.20,
0530200608, 030994, 055535,  135.0,   0.19,
0530200607, 030994, 055225,  149.2,   0.20,
0530200605, 030994, 055008,  174.7,   0.23,
0530200603, 030994, 054751,  200.4,   0.15,
0540201321, 061994, 230633,    5.1,   0.22,
0540201320, 061994, 230503,   14.9,   0.22,
0540201318, 061994, 230339,   24.7,   0.21,
0540201317, 061994, 230219,   35.3,   0.23,
0540201316, 061994, 230056,   44.6,   0.21,
0540201315, 061994, 225936,   59.7,   0.26,
0540201314, 061994, 225807,   75.4,   0.32,
0540201313, 061994, 225646,   84.7,   0.26,
0540201312, 061994, 225524,   95.7,   0.24,
0540201311, 061994, 225403,  105.1,   0.20,
0540201310, 061994, 225242,  113.8,   0.18,
0540201309, 061994, 225114,  125.3,   0.17,
0540201308, 061994, 224943,  136.6,   0.16,
0540201307, 061994, 224807,  150.6,   0.18,
0540201306, 061994, 224639,  157.4,   0.15,
0540201305, 061994, 224509,  175.1,   0.12,
0540201304, 061994, 224325,  185.2,   0.11,
0540201303, 061994, 224139,  201.4,   0.12,
0550200317, 072594, 045902,  200.4,   0.18,
0550200423, 072594, 080830,    4.7,   0.27,
0550200422, 072594, 080712,   14.8,   0.25,
0550200420, 072594, 080534,   24.6,   0.27,
0550200419, 072594, 080425,   34.2,   0.27,
0550200418, 072594, 080309,   43.8,   0.29,
0550200417, 072594, 080147,   59.8,   0.31,
0550200416, 072594, 080028,   74.3,   0.34,
0550200414, 072594, 075845,   84.3,   0.30,
0550200413, 072594, 075707,   94.9,   0.26,
0550200412, 072594, 075548,  104.2,   0.27,
0550200411, 072594, 075431,  115.3,   0.25,
0550200410, 072594, 075215,  124.2,   0.26,
0550200409, 072594, 075043,  134.4,   0.21,
0550200407, 072594, 074814,  149.6,   0.20,
0550200405, 072594, 074516,  175.0,   0.17,
0550200403, 072594, 074140,  201.3,   0.15,
0560200521, 083094, 064533,    4.5,   0.22,
0560200520, 083094, 064429,   14.6,   0.34,
0560200518, 083094, 064310,   25.2,   0.33,
0560200517, 083094, 064204,   35.2,   0.31,
0560200516, 083094, 064059,   44.6,   0.32,
0560200515, 083094, 063939,   59.6,   0.26,
0560200514, 083094, 063820,   75.9,   0.32,
0560200513, 083094, 063710,   85.0,   0.27,
0560200512, 083094, 063552,   94.4,   0.27,
0560200511, 083094, 063441,  105.5,   0.26,
0560200510, 083094, 063309,  115.0,   0.21,
0560200509, 083094, 063142,  125.1,   0.20,
0560200508, 083094, 063030,  135.4,   0.20,
0560200507, 083094, 062910,  150.4,   0.19,
0560200505, 083094, 062619,  175.6,   0.15,
0560200503, 083094, 062254,  200.7,   0.15,
0570200421, 092394, 080726,    5.4,   0.21,
0570200420, 092394, 080632,   15.1,   0.16,
0570200418, 092394, 080522,   25.0,   0.17,
0570200417, 092394, 080414,   35.0,   0.20,
0570200416, 092394, 080328,   44.6,   0.24,
0570200415, 092394, 080222,   59.9,   0.16,
0570200414, 092394, 080124,   75.2,   0.19,
0570200413, 092394, 080023,   84.9,   0.12,
0570200412, 092394, 075920,   95.1,   0.15,
0570200411, 092394, 075819,  105.2,   0.09,
0570200410, 092394, 075725,  115.6,   0.14,
0570200409, 092394, 075629,  124.1,   0.17,
0570200408, 092394, 075530,  135.5,   0.13,
0570200407, 092394, 075420,  149.6,   0.07,
0570200405, 092394, 075144,  174.4,   0.04,
0580200516, 101594, 063216,    4.4,   0.25,
0580200622, 101594, 090603,    5.0,   0.24,
0580200621, 101594, 090506,   14.6,   0.25,
0580200619, 101594, 090350,   25.0,   0.26,
0580200618, 101594, 090259,   34.3,   0.31,
0580200617, 101594, 090155,   44.6,   0.26,
0580200616, 101594, 090029,   59.5,   0.25,
0580200615, 101594, 085919,   74.5,   0.25,
0580200614, 101594, 085814,   84.2,   0.23,
0580200613, 101594, 085659,   94.7,   0.22,
0580200612, 101594, 085552,  104.7,   0.21,
0580200611, 101594, 085446,  115.3,   0.20,
0580200610, 101594, 085344,  124.7,   0.19,
0580200609, 101594, 085237,  134.8,   0.15,
0580200608, 101594, 085125,  149.5,   0.13,
0580200606, 101594, 084859,  174.4,   0.13,
0580200604, 101594, 084631,  200.8,   0.10,
0590200521, 112094, 074403,    5.3,   0.25,
0590200520, 112094, 074305,   14.8,   0.26,
0590200518, 112094, 074159,   25.2,   0.32,
0590200517, 112094, 074104,   34.2,   0.25,
0590200516, 112094, 074000,   43.2,   0.26,
0590200515, 112094, 073843,   58.7,   0.23,
0590200514, 112094, 073739,   74.0,   0.22,
0590200513, 112094, 073617,   86.5,   0.27,
0590200512, 112094, 073511,   94.9,   0.23,
0590200511, 112094, 073417,  102.3,   0.24,
0590200510, 112094, 073315,  115.7,   0.24,
0590200509, 112094, 073217,  125.2,   0.21,
0590200508, 112094, 073105,  135.4,   0.20,
0590200507, 112094, 072946,  150.6,   0.16,
0590200505, 112094, 072743,  173.0,   0.16,
0590200503, 112094, 072524,  200.0,   0.13,
0600200522, 020695, 075910,    4.9,   0.23,
0600200521, 020695, 075809,   14.9,   0.30,
0600200519, 020695, 075652,   23.2,   0.38,
0600200518, 020695, 075556,   34.1,   0.31,
0600200517, 020695, 075505,   43.8,   0.23,
0600200516, 020695, 075410,   59.8,   0.32,
0600200515, 020695, 075314,   74.9,   0.29,
0600200514, 020695, 075220,   84.8,   0.27,
0600200513, 020695, 075139,   95.5,   0.27,
0600200512, 020695, 075053,  104.3,   0.22,
0600200511, 020695, 075008,  113.5,   0.23,
0600200509, 020695, 074812,  123.8,   0.21,
0600200508, 020695, 074717,  133.6,   0.21,
0600200507, 020695, 074619,  149.8,   0.18,
0600200506, 020695, 074522,  160.2,   0.19,
0600200505, 020695, 074424,  175.1,   0.14,
0600200504, 020695, 074333,  184.4,   0.14,
0600200503, 020695, 074227,  199.5,   0.14,
0610200422, 030495, 080036,    5.5,   0.24,
0610200421, 030495, 075930,   15.0,   0.24,
0610200419, 030495, 075819,   25.5,   0.27,
0610200418, 030495, 075717,   34.0,   0.26,
0610200417, 030495, 075600,   44.7,   0.24,
0610200416, 030495, 075458,   57.9,   0.24,
0610200415, 030495, 075325,   78.0,   0.26,
0610200414, 030495, 075206,   85.2,   0.27,
0610200413, 030495, 075058,   96.0,   0.25,
0610200412, 030495, 074941,  106.3,   0.21,
0610200411, 030495, 074833,  111.9,   0.22,
0610200410, 030495, 074728,  123.6,   0.21,
0610200409, 030495, 074631,  134.2,   0.19,
0610200407, 030495, 074441,  149.2,   0.18,
0610200405, 030495, 074228,  174.9,   0.17,
0610200403, 030495, 074008,  200.0,   0.15,
0620201523, 040795, 131428,    4.8,   0.21,
0620201521, 040795, 131212,   24.6,   0.26,
0620201519, 040795, 131049,   44.2,   0.22,
0620201517, 040795, 130840,   74.3,   0.23,
0620201513, 040795, 130526,  105.1,   0.31,
0620201512, 040795, 130417,  115.1,   0.21,
0620201511, 040795, 130240,  124.3,   0.21,
0620201509, 040795, 130048,  149.5,   0.19,
0620201508, 040795, 125917,  174.4,   0.18,
0620201507, 040795, 125730,  199.5,   0.14,
0620201612, 040795, 155033,  200.2,   0.17,
0630200523, 050795, 090218,    5.0,   0.22,
0630200522, 050795, 090129,    9.7,   0.23,
0630200521, 050795, 090044,   15.0,   0.23,
0630200519, 050795, 085938,   24.7,   0.25,
0630200518, 050795, 085836,   34.3,   0.26,
0630200517, 050795, 085729,   45.0,   0.26,
0630200516, 050795, 085622,   59.5,   0.23,
0630200515, 050795, 085509,   75.6,   0.23,
0630200514, 050795, 085413,   84.3,   0.22,
0630200513, 050795, 085308,   95.2,   0.21,
0630200512, 050795, 085209,  104.8,   0.21,
0630200511, 050795, 085115,  115.0,   0.21,
0630200510, 050795, 085019,  124.3,   0.22,
0630200509, 050795, 084919,  135.3,   0.18,
0630200508, 050795, 084817,  149.8,   0.18,
0630200507, 050795, 084717,  159.4,   0.17,
0630200506, 050795, 084608,  174.7,   0.13,
0630200505, 050795, 084512,  184.9,   0.14,
0630200504, 050795, 084408,  200.4,   0.11,
0640200423, 073095, 042905,    9.0,   0.30,
0640200523, 073095, 082954,    5.0,   0.29,
0640200522, 073095, 082840,   14.7,   0.27,
0640200520, 073095, 082736,   24.4,   0.29,
0640200519, 073095, 082630,   35.0,   0.31,
0640200518, 073095, 082510,   45.1,   0.27,
0640200517, 073095, 082351,   60.1,   0.29,
0640200516, 073095, 082228,   74.9,   0.27,
0640200515, 073095, 082120,   85.0,   0.32,
0640200514, 073095, 082010,   95.6,   0.26,
0640200513, 073095, 081900,  104.7,   0.23,
0640200512, 073095, 081744,  114.6,   0.23,
0640200511, 073095, 081623,  124.5,   0.21,
0640200510, 073095, 081525,  133.8,   0.21,
0640200509, 073095, 081405,  149.5,   0.17,
0640200507, 073095, 081110,  174.3,   0.20,
0640200505, 073095, 080818,  201.0,   0.14,
0650200423, 082895, 073257,    4.7,   0.23,
0650200422, 082895, 073155,   14.3,   0.26,
0650200420, 082895, 073055,   25.0,   0.32,
0650200419, 082895, 073001,   44.3,   0.37,
0650200418, 082895, 072909,   60.3,   0.32,
0650200417, 082895, 072757,   74.4,   0.29,
0650200416, 082895, 072658,   84.3,   0.25,
0650200415, 082895, 072600,   89.3,   0.23,
0650200414, 082895, 072458,   94.7,   0.26,
0650200413, 082895, 072407,  100.2,   0.25,
0650200412, 082895, 072300,  105.2,   0.24,
0650200411, 082895, 072154,  114.8,   0.21,
0650200410, 082895, 072100,  124.8,   0.21,
0650200409, 082895, 072010,  135.4,   0.19,
0650200408, 082895, 071859,  149.6,   0.17,
0650200407, 082895, 071759,  160.0,   0.15,
0650200406, 082895, 071658,  173.3,   0.16,
0650200405, 082895, 071602,  184.8,   0.16,
0650200404, 082895, 071501,  201.0,   0.16,
0660200424, 092795, 041116,    4.8,   0.25,
0660200423, 092795, 040958,   14.7,   0.31,
0660200422, 092795, 040904,   24.5,   0.28,
0660200421, 092795, 040807,   44.3,   0.28,
0660200420, 092795, 040706,   73.9,   0.26,
0660200419, 092795, 040601,   99.5,   0.26,
0660200418, 092795, 040455,  124.8,   0.21,
0660200417, 092795, 040311,  173.6,   0.20,
0660200416, 092795, 040201,  199.9,   0.16,
0660200522, 092795, 070151,    5.0,   0.31,
0660200521, 092795, 070049,   14.1,   0.31,
0660200519, 092795, 065939,   24.8,   0.31,
0660200518, 092795, 065849,   35.0,   0.28,
0660200517, 092795, 065800,   45.5,   0.30,
0660200516, 092795, 065649,   60.4,   0.30,
0660200515, 092795, 065545,   74.5,   0.27,
0660200514, 092795, 065455,   85.0,   0.29,
0660200513, 092795, 065356,   93.9,   0.24,
0660200512, 092795, 065311,  104.1,   0.25,
0660200511, 092795, 065209,  114.4,   0.21,
0660200510, 092795, 065114,  124.0,   0.18,
0660200509, 092795, 065021,  134.1,   0.19,
0660200508, 092795, 064910,  149.1,   0.17,
0660200507, 092795, 064810,  160.5,   0.17,
0660200506, 092795, 064703,  174.4,   0.16,
0660200505, 092795, 064605,  185.1,   0.20,
0660200504, 092795, 064448,  200.5,   0.17,
0670200515, 102795, 025759,  199.4,   0.14,
0670200622, 102795, 060603,    4.6,   0.25,
0670200620, 102795, 060458,   13.6,   0.25,
0670200618, 102795, 060354,   24.4,   0.27,
0670200617, 102795, 060244,   44.3,   0.28,
0670200616, 102795, 060053,   59.4,   0.29,
0670200615, 102795, 055948,   75.0,   0.30,
0670200614, 102795, 055845,   84.9,   0.24,
0670200612, 102795, 055651,  104.1,   0.23,
0670200611, 102795, 055549,  114.9,   0.23,
0670200610, 102795, 055453,  124.8,   0.23,
0670200609, 102795, 055349,  134.7,   0.19,
0670200608, 102795, 055252,  149.1,   0.20,
0670200607, 102795, 055157,  158.3,   0.18,
0670200606, 102795, 055045,  174.3,   0.18,
0670200605, 102795, 054953,  185.0,   0.13,
0670200604, 102795, 054849,  199.6,   0.11,
0680200622, 111795, 060149,    5.0,   0.17,
0680200621, 111795, 060036,   14.1,   0.19,
0680200619, 111795, 055913,   24.0,   0.19,
0680200618, 111795, 055807,   34.5,   0.18,
0680200617, 111795, 055708,   44.3,   0.21,
0680200616, 111795, 055605,   60.9,   0.19,
0680200615, 111795, 055436,   74.5,   0.18,
0680200614, 111795, 055324,   85.5,   0.15,
0680200613, 111795, 055211,   94.1,   0.15,
0680200612, 111795, 055109,  104.3,   0.14,
0680200611, 111795, 054958,  114.3,   0.14,
0680200610, 111795, 054836,  125.0,   0.12,
0680200609, 111795, 054726,  134.5,   0.13,
0680200608, 111795, 054621,  149.9,   0.11,
0680200606, 111795, 054428,  175.1,   0.08,
0680200604, 111795, 054203,  200.8,   0.07,
0690200721, 011796, 075754,    4.6,   0.23,
0690200720, 011796, 075656,   14.5,   0.23,
0690200718, 011796, 075546,   24.9,   0.24,
0690200717, 011796, 075452,   34.8,   0.25,
0690200716, 011796, 075348,   44.8,   0.26,
0690200715, 011796, 075242,   59.6,   0.27,
0690200714, 011796, 075136,   74.6,   0.26,
0690200713, 011796, 075032,   84.3,   0.24,
0690200712, 011796, 074934,   94.4,   0.23,
0690200711, 011796, 074834,  104.4,   0.23,
0690200710, 011796, 074734,  114.4,   0.21,
0690200709, 011796, 074628,  124.8,   0.17,
0690200708, 011796, 074520,  134.9,   0.17,
0690200707, 011796, 074412,  149.5,   0.16,
0690200706, 011796, 074312,  160.0,   0.15,
0690200705, 011796, 074208,  174.4,   0.13,
0690200704, 011796, 074114,  184.4,   0.13,
0690200703, 011796, 074004,  200.3,   0.11,
0700200622, 032796, 080100,    4.8,   0.24,
0700200620, 032796, 075952,   13.1,   0.24,
0700200618, 032796, 075824,   24.4,   0.24,
0700200617, 032796, 075726,   34.0,   0.21,
0700200616, 032796, 075626,   44.3,   0.23,
0700200615, 032796, 075518,   58.8,   0.23,
0700200614, 032796, 075412,   72.8,   0.21,
0700200613, 032796, 075314,   84.4,   0.20,
0700200612, 032796, 075216,   95.2,   0.20,
0700200611, 032796, 075112,  104.6,   0.22,
0700200610, 032796, 075008,  114.7,   0.21,
0700200609, 032796, 074912,  123.7,   0.18,
0700200608, 032796, 074824,  134.0,   0.19,
0700200607, 032796, 074724,  148.7,   0.15,
0700200605, 032796, 074532,  173.0,   0.14,
0700200603, 032796, 074340,  199.6,   0.14,
0710200624, 042496, 070429,    2.2,   0.21,
0710200622, 042496, 070331,    4.6,   0.19,
0710200621, 042496, 070207,   14.9,   0.20,
0710200619, 042496, 070105,   23.6,   0.20,
0710200618, 042496, 065939,   34.3,   0.17,
0710200617, 042496, 065833,   44.1,   0.18,
0710200616, 042496, 065725,   59.0,   0.19,
0710200615, 042496, 065613,   74.1,   0.21,
0710200614, 042496, 065503,   84.4,   0.18,
0710200613, 042496, 065353,   94.2,   0.19,
0710200612, 042496, 065247,  104.1,   0.17,
0710200611, 042496, 065137,  114.8,   0.17,
0710200610, 042496, 065037,  123.9,   0.17,
0710200609, 042496, 064921,  134.5,   0.18,
0710200608, 042496, 064807,  150.5,   0.15,
0710200606, 042496, 064545,  174.5,   0.15,
0710200604, 042496, 064243,  200.8,   0.10,
0720200221, 052296, 060931,    5.1,   0.22,
0720200220, 052296, 060826,   15.3,   0.21,
0720200218, 052296, 060707,   24.6,   0.21,
0720200217, 052296, 060554,   35.1,   0.20,
0720200216, 052296, 060452,   44.5,   0.21,
0720200215, 052296, 060328,   61.1,   0.21,
0720200214, 052296, 060206,   75.1,   0.20,
0720200213, 052296, 060053,   85.0,   0.21,
0720200212, 052296, 055936,   94.3,   0.19,
0720200211, 052296, 055826,  105.1,   0.17,
0720200210, 052296, 055720,  116.3,   0.17,
0720200209, 052296, 055600,  125.0,   0.16,
0720200208, 052296, 055452,  134.8,   0.16,
0720200207, 052296, 055332,  149.0,   0.15,
0720200205, 052296, 055052,  175.1,   0.14,
0720200203, 052296, 054806,  202.1,   0.10,
0730200623, 062696, 070517,    4.0,   0.24,
0730200621, 062696, 070357,   14.7,   0.24,
0730200619, 062696, 070225,   24.6,   0.24,
0730200618, 062696, 070111,   35.2,   0.28,
0730200617, 062696, 065955,   45.0,   0.27,
0730200616, 062696, 065833,   59.3,   0.21,
0730200615, 062696, 065721,   74.4,   0.21,
0730200614, 062696, 065607,   84.5,   0.22,
0730200613, 062696, 065503,   94.9,   0.22,
0730200612, 062696, 065357,  104.7,   0.20,
0730200611, 062696, 065249,  114.5,   0.32,
0730200610, 062696, 065131,  124.1,   0.20,
0730200609, 062696, 065015,  134.0,   0.18,
0730200608, 062696, 064907,  150.0,   0.16,
0730200607, 062696, 064801,  159.0,   0.16,
0730200606, 062696, 064637,  174.6,   0.18,
0730200605, 062696, 064531,  184.6,   0.20,
0730200604, 062696, 064403,  200.9,   0.15,
0740200622, 072796, 065559,    4.5,   0.24,
0740200621, 072796, 065505,   14.4,   0.24,
0740200619, 072796, 065405,   24.3,   0.23,
0740200618, 072796, 065301,   33.9,   0.24,
0740200617, 072796, 065203,   44.6,   0.22,
0740200616, 072796, 065111,   58.9,   0.21,
0740200615, 072796, 065009,   74.8,   0.21,
0740200614, 072796, 064917,   84.5,   0.20,
0740200613, 072796, 064817,   95.1,   0.21,
0740200612, 072796, 064729,  103.8,   0.16,
0740200611, 072796, 064629,  113.7,   0.21,
0740200610, 072796, 064535,  124.2,   0.20,
0740200609, 072796, 064439,  134.2,   0.18,
0740200607, 072796, 064301,  150.2,   0.19,
0740200605, 072796, 064117,  174.3,   0.14,
0740200603, 072796, 063927,  199.9,   0.15,
0750200623, 082196, 080151,    5.2,   0.27,
0750200622, 082196, 080029,   14.8,   0.25,
0750200620, 082196, 075919,   25.2,   0.24,
0750200619, 082196, 075829,   34.6,   0.25,
0750200618, 082196, 075721,   44.9,   0.23,
0750200617, 082196, 075618,   59.8,   0.24,
0750200616, 082196, 075507,   74.5,   0.22,
0750200615, 082196, 075405,   84.6,   0.22,
0750200614, 082196, 075259,   95.0,   0.21,
0750200613, 082196, 075203,  104.4,   0.20,
0750200612, 082196, 075105,  114.2,   0.19,
0750200611, 082196, 075007,  125.3,   0.20,
0750200610, 082196, 074851,  135.7,   0.17,
0750200609, 082196, 074727,  150.4,   0.16,
0750200607, 082196, 074509,  176.0,   0.15,
0750200605, 082196, 074259,  199.8,   0.16,
0760200624, 100296, 065924,    3.8,   0.27,
0760200622, 100296, 065822,   14.2,   0.26,
0760200620, 100296, 065723,   24.2,   0.25,
0760200619, 100296, 065626,   34.9,   0.24,
0760200618, 100296, 065540,   43.6,   0.24,
0760200617, 100296, 065430,   59.6,   0.24,
0760200616, 100296, 065318,   73.8,   0.23,
0760200615, 100296, 065212,   84.6,   0.25,
0760200614, 100296, 065118,   94.5,   0.33,
0760200613, 100296, 065016,  103.7,   0.22,
0760200612, 100296, 064908,  115.3,   0.20,
0760200611, 100296, 064808,  124.3,   0.20,
0760200610, 100296, 064710,  134.8,   0.20,
0760200609, 100296, 064608,  148.7,   0.18,
0760200608, 100296, 064500,  159.4,   0.18,
0760200607, 100296, 064358,  175.1,   0.15,
0760200606, 100296, 064306,  183.8,   0.13,
0760200605, 100296, 064200,  199.9,   0.13,
0770200318, 103096, 035825,    4.2,   0.21,
0770200317, 103096, 035539,   80.2,   0.26,
0770200316, 103096, 035203,  188.6,   0.12,
0770200422, 103096, 070334,    4.3,   0.25,
0770200421, 103096, 070232,   14.7,   0.25,
0770200419, 103096, 070052,   24.2,   0.23,
0770200418, 103096, 065934,   34.9,   0.22,
0770200417, 103096, 065806,   43.7,   0.24,
0770200416, 103096, 065650,   59.6,   0.22,
0770200415, 103096, 065528,   74.1,   0.23,
0770200414, 103096, 065424,   84.4,   0.20,
0770200413, 103096, 065310,   95.4,   0.19,
0770200412, 103096, 065202,  104.4,   0.21,
0770200411, 103096, 065052,  114.2,   0.18,
0770200410, 103096, 064946,  123.8,   0.16,
0770200409, 103096, 064844,  135.2,   0.17,
0770200408, 103096, 064722,  149.7,   0.13,
0770200406, 103096, 064438,  175.2,   0.11,
0770200404, 103096, 064208,  201.3,   0.13,
0780200621, 121196, 093257,    4.3,   0.22,
0780200620, 121196, 093133,   14.6,   0.26,
0780200618, 121196, 092945,   24.2,   0.23,
0780200617, 121196, 092821,   35.0,   0.24,
0780200616, 121196, 092653,   44.5,   0.24,
0780200615, 121196, 092535,   59.5,   0.25,
0780200614, 121196, 092411,   74.2,   0.25,
0780200613, 121196, 092249,   83.9,   0.27,
0780200612, 121196, 092127,   95.7,   0.26,
0780200611, 121196, 092011,  105.1,   0.22,
0780200610, 121196, 091853,  114.6,   0.20,
0780200609, 121196, 091743,  125.0,   0.21,
0780200608, 121196, 091611,  135.4,   0.18,
0780200607, 121196, 091445,  149.4,   0.16,
0780200605, 121196, 091213,  174.7,   0.11,
0780200603, 121196, 090913,  199.9,   0.15,
0790200517, 010897, 045348,    4.4,   0.21,
0790200516, 010897, 045112,  120.1,   0.14,
0790200622, 010897, 080555,    4.3,   0.22,
0790200621, 010897, 080433,   14.2,   0.24,
0790200619, 010897, 080311,   24.3,   0.21,
0790200618, 010897, 080143,   34.4,   0.22,
0790200617, 010897, 080003,   44.2,   0.22,
0790200616, 010897, 075835,   59.3,   0.23,
0790200615, 010897, 075713,   75.0,   0.20,
0790200614, 010897, 075539,   84.8,   0.19,
0790200613, 010897, 075421,   94.4,   0.19,
0790200612, 010897, 075301,  104.5,   0.18,
0790200611, 010897, 075149,  114.1,   0.17,
0790200610, 010897, 075025,  124.9,   0.14,
0790200609, 010897, 074903,  134.9,   0.12,
0790200608, 010897, 074717,  149.9,   0.13,
0790200606, 010897, 074431,  175.0,   0.11,
0790200604, 010897, 074139,  199.8,   0.09,
0800200517, 021897, 035601,    4.4,   0.18,
0800200516, 021897, 035141,  200.2,   0.16,
0800200622, 021897, 070826,    4.5,   0.22,
0800200621, 021897, 070712,   15.2,   0.21,
0800200619, 021897, 070558,   24.5,   0.21,
0800200618, 021897, 070438,   33.9,   0.23,
0800200617, 021897, 070324,   44.4,   0.23,
0800200616, 021897, 070158,   60.1,   0.25,
0800200615, 021897, 070040,   74.5,   0.20,
0800200614, 021897, 065934,   84.4,   0.23,
0800200613, 021897, 065814,   94.2,   0.23,
0800200612, 021897, 065708,  104.7,   0.21,
0800200611, 021897, 065548,  114.4,   0.21,
0800200610, 021897, 065434,  124.5,   0.17,
0800200609, 021897, 065316,  135.8,   0.18,
0800200608, 021897, 065144,  150.0,   0.17,
0800200606, 021897, 064920,  174.1,   0.15,
0800200604, 021897, 064612,  200.6,   0.10,
0810200622, 031297, 070732,    4.5,   0.21,
0810200621, 031297, 070624,   14.5,   0.24,
0810200619, 031297, 070456,   24.8,   0.21,
0810200618, 031297, 070344,   35.5,   0.21,
0810200617, 031297, 070232,   44.6,   0.22,
0810200616, 031297, 070114,   59.9,   0.22,
0810200615, 031297, 065946,   75.2,   0.23,
0810200614, 031297, 065832,   85.5,   0.17,
0810200613, 031297, 065722,   95.0,   0.22,
0810200612, 031297, 065606,  105.0,   0.20,
0810200611, 031297, 065454,  115.4,   0.20,
0810200609, 031297, 065306,  124.2,   0.19,
0810200608, 031297, 065150,  134.9,   0.16,
0810200607, 031297, 065036,  150.2,   0.15,
0810200605, 031297, 064826,  174.6,   0.12,
0810200603, 031297, 064524,  201.2,   0.15,
0820200622, 040997, 070830,    5.1,   0.19,
0820200621, 040997, 070724,   15.2,   0.17,
0820200619, 040997, 070614,   25.4,   0.20,
0820200618, 040997, 070504,   34.9,   0.21,
0820200617, 040997, 070352,   44.3,   0.23,
0820200616, 040997, 070204,   60.1,   0.19,
0820200615, 040997, 070052,   75.0,   0.18,
0820200614, 040997, 065938,   85.1,   0.17,
0820200613, 040997, 065826,   95.0,   0.15,
0820200612, 040997, 065718,  105.1,   0.16,
0820200611, 040997, 065604,  115.1,   0.18,
0820200610, 040997, 065444,  125.0,   0.16,
0820200609, 040997, 065334,  134.8,   0.13,
0820200608, 040997, 065216,  149.9,   0.13,
0820200606, 040997, 065002,  175.1,   0.11,
0820200604, 040997, 064730,  200.1,   0.11,
0830200624, 050797, 070134,    4.2,   0.21,
0830200623, 050797, 070040,   14.7,   0.23,
0830200622, 050797, 065942,   25.0,   0.25,
0830200621, 050797, 065846,   34.6,   0.27,
0830200620, 050797, 065754,   45.3,   0.30,
0830200618, 050797, 065548,   74.6,   0.38,
0830200617, 050797, 065434,   85.0,   0.32,
0830200616, 050797, 065340,   95.1,   0.28,
0830200615, 050797, 065246,  104.5,   0.25,
0830200614, 050797, 065156,  115.3,   0.26,
0830200613, 050797, 065100,  124.6,   0.26,
0830200612, 050797, 065000,  134.4,   0.25,
0830200607, 050797, 064708,  149.1,   0.21,
0830200605, 050797, 064450,  174.1,   0.19,
0830200603, 050797, 064232,  199.8,   0.19,
0840200622, 060497, 065837,    5.2,   0.26,
0840200621, 060497, 065741,   15.3,   0.27,
0840200619, 060497, 065633,   24.7,   0.29,
0840200618, 060497, 065521,   35.2,   0.30,
0840200617, 060497, 065435,   45.6,   0.31,
0840200616, 060497, 065339,   60.6,   0.36,
0840200615, 060497, 065231,   75.4,   0.39,
0840200614, 060497, 065145,   85.1,   0.35,
0840200613, 060497, 065053,   94.9,   0.28,
0840200612, 060497, 064945,  104.6,   0.26,
0840200611, 060497, 064853,  114.6,   0.31,
0840200610, 060497, 064753,  124.6,   0.28,
0840200609, 060497, 064659,  134.8,   0.26,
0840200608, 060497, 064605,  149.3,   0.20,
0840200606, 060497, 064407,  175.0,   0.20,
0840200604, 060497, 064157,  199.9,   0.17,
0850200622, 070997, 070701,    5.1,   0.24,
0850200621, 070997, 070541,   14.8,   0.23,
0850200619, 070997, 070421,   24.4,   0.24,
0850200618, 070997, 070305,   35.8,   0.29,
0850200617, 070997, 070151,   45.3,   0.27,
0850200616, 070997, 070033,   59.4,   0.27,
0850200615, 070997, 065909,   75.3,   0.23,
0850200614, 070997, 065805,   84.0,   0.21,
0850200613, 070997, 065651,   94.3,   0.28,
0850200612, 070997, 065531,  104.3,   0.27,
0850200611, 070997, 065425,  115.0,   0.23,
0850200610, 070997, 065317,  124.3,   0.23,
0850200609, 070997, 065203,  134.5,   0.21,
0850200608, 070997, 065037,  150.1,   0.20,
0850200606, 070997, 064741,  174.2,   0.16,
0850200604, 070997, 064459,  200.3,   0.14,
0860200222, 080297, 080201,    4.6,   0.20,
0860200221, 080297, 080101,   14.3,   0.19,
0860200219, 080297, 075937,   24.9,   0.21,
0860200218, 080297, 075811,   35.3,   0.23,
0860200217, 080297, 075715,   43.9,   0.21,
0860200216, 080297, 075613,   59.9,   0.23,
0860200215, 080297, 075501,   77.3,   0.19,
0860200214, 080297, 075359,   85.1,   0.18,
0860200213, 080297, 075305,   94.7,   0.23,
0860200212, 080297, 075213,  101.7,   0.26,
0860200211, 080297, 075115,  114.3,   0.22,
0860200210, 080297, 074953,  124.7,   0.21,
0860200209, 080297, 074851,  134.1,   0.20,
0860200208, 080297, 074755,  149.5,   0.19,
0860200206, 080297, 074559,  175.0,   0.20,
0860200204, 080297, 074401,  199.6,   0.17,
0870200222, 092597, 090724,    4.5,   0.21,
0870200221, 092597, 090604,   14.0,   0.23,
0870200219, 092597, 090440,   25.2,   0.27,
0870200217, 092597, 090208,   44.7,   0.26,
0870200216, 092597, 090042,   59.6,   0.26,
0870200215, 092597, 085908,   75.5,   0.29,
0870200214, 092597, 085804,   84.6,   0.26,
0870200213, 092597, 085700,   93.9,   0.32,
0870200212, 092597, 085544,  104.6,   0.23,
0870200211, 092597, 085440,  114.1,   0.22,
0870200210, 092597, 085332,  125.0,   0.23,
0870200208, 092597, 085100,  149.6,   0.22,
0870200206, 092597, 084840,  174.3,   0.18,
0870200204, 092597, 084616,  198.4,   0.19,
0880200221, 120597, 050854,    5.3,   0.21,
0880200220, 120597, 050746,   14.6,   0.27,
0880200219, 120597, 050632,   25.3,   0.23,
0880200218, 120597, 050524,   33.2,   0.24,
0880200217, 120597, 050412,   43.6,   0.21,
0880200216, 120597, 050305,   59.4,   0.22,
0880200215, 120597, 050152,   73.8,   0.37,
0880200214, 120597, 050045,   84.5,   0.28,
0880200213, 120597, 045942,   95.3,   0.24,
0880200212, 120597, 045828,  106.7,   0.31,
0880200211, 120597, 045717,  115.2,   0.28,
0880200210, 120597, 045609,  124.5,   0.20,
0880200209, 120597, 045507,  134.0,   0.20,
0880200208, 120597, 045353,  148.7,   0.17,
0880200207, 120597, 045255,  159.4,   0.15,
0880200206, 120597, 045143,  173.6,   0.12,
0880200205, 120597, 045035,  185.2,   0.13,
0880200204, 120597, 044920,  200.3,   0.14,
0890200622, 011198, 070203,    4.6,   0.16,
0890200621, 011198, 070037,   14.7,   0.18,
0890200619, 011198, 065903,   24.6,   0.19,
0890200618, 011198, 065743,   34.6,   0.20,
0890200617, 011198, 065623,   43.6,   0.21,
0890200616, 011198, 065443,   59.1,   0.22,
0890200615, 011198, 065317,   75.3,   0.21,
0890200614, 011198, 065203,   84.9,   0.24,
0890200613, 011198, 065053,   94.8,   0.21,
0890200612, 011198, 064953,  104.3,   0.18,
0890200611, 011198, 064843,  114.7,   0.19,
0890200610, 011198, 064733,  124.4,   0.18,
0890200609, 011198, 064627,  134.7,   0.17,
0890200608, 011198, 064517,  149.4,   0.14,
0890200606, 011198, 064257,  173.6,   0.13,
0890200604, 011198, 064023,  201.8,   0.11,
0900200522, 021998, 060516,    5.1,   0.14,
0900200521, 021998, 060402,   13.8,   0.12,
0900200519, 021998, 060222,   24.5,   0.15,
0900200518, 021998, 060042,   34.9,   0.15,
0900200517, 021998, 055926,   44.6,   0.18,
0900200516, 021998, 055752,   59.5,   0.17,
0900200515, 021998, 055616,   74.0,   0.17,
0900200514, 021998, 055502,   84.6,   0.17,
0900200513, 021998, 055348,   94.5,   0.15,
0900200512, 021998, 055232,  105.2,   0.13,
0900200511, 021998, 055116,  116.1,   0.13,
0900200510, 021998, 054952,  125.8,   0.12,
0900200509, 021998, 054832,  135.0,   0.12,
0900200508, 021998, 054712,  149.0,   0.11,
0900200506, 021998, 054422,  174.2,   0.12,
0900200504, 021998, 054146,  199.8,   0.11,
0910200622, 031898, 070348,    4.1,   0.22,
0910200621, 031898, 070238,   14.8,   0.19,
0910200619, 031898, 070122,   25.7,   0.29,
0910200618, 031898, 070002,   34.9,   0.23,
0910200617, 031898, 065852,   44.9,   0.26,
0910200616, 031898, 065732,   59.7,   0.35,
0910200615, 031898, 065612,   74.6,   0.29,
0910200614, 031898, 065502,   85.0,   0.28,
0910200613, 031898, 065358,   94.5,   0.27,
0910200612, 031898, 065252,  105.1,   0.21,
0910200611, 031898, 065138,  114.7,   0.22,
0910200610, 031898, 065032,  124.6,   0.21,
0910200609, 031898, 064922,  134.1,   0.20,
0910200608, 031898, 064808,  149.3,   0.19,
0910200606, 031898, 064548,  174.8,   0.14,
0910200604, 031898, 064308,  200.8,   0.13,
0920200622, 041598, 070718,    5.1,   0.25,
0920200621, 041598, 070618,   14.1,   0.17,
0920200619, 041598, 070502,   25.1,   0.20,
0920200618, 041598, 070404,   34.1,   0.20,
0920200617, 041598, 070304,   45.5,   0.21,
0920200616, 041598, 070148,   60.3,   0.24,
0920200615, 041598, 070034,   74.3,   0.28,
0920200614, 041598, 065920,   84.6,   0.20,
0920200613, 041598, 065818,   94.1,   0.21,
0920200612, 041598, 065718,  104.3,   0.19,
0920200611, 041598, 065618,  114.2,   0.19,
0920200610, 041598, 065518,  124.9,   0.18,
0920200608, 041598, 065318,  148.8,   0.18,
0920200606, 041598, 065104,  177.1,   0.15,
0930200622, 051398, 070747,    4.4,   0.18,
0930200621, 051398, 070623,   14.8,   0.17,
0930200619, 051398, 070453,   24.9,   0.18,
0930200618, 051398, 070348,   35.1,   0.21,
0930200617, 051398, 070242,   44.7,   0.17,
0930200616, 051398, 070122,   59.8,   0.21,
0930200615, 051398, 070007,   74.6,   0.20,
0930200614, 051398, 065852,   85.8,   0.21,
0930200613, 051398, 065746,   94.7,   0.21,
0930200612, 051398, 065634,  104.8,   0.20,
0930200611, 051398, 065527,  115.4,   0.19,
0930200610, 051398, 065422,  125.2,   0.20,
0930200609, 051398, 065312,  134.1,   0.17,
0930200608, 051398, 065151,  151.0,   0.18,
0930200606, 051398, 064926,  174.8,   0.17,
0930200604, 051398, 064647,  201.9,   0.14,
0940200322, 061798, 081229,    5.6,   0.20,
0940200321, 061798, 081124,   14.9,   0.19,
0940200319, 061798, 080949,   25.3,   0.17,
0940200318, 061798, 080829,   35.7,   0.19,
0940200317, 061798, 080724,   45.9,   0.18,
0940200316, 061798, 080609,   60.4,   0.20,
0940200315, 061798, 080449,   74.7,   0.20,
0940200314, 061798, 080329,   84.9,   0.21,
0940200313, 061798, 080219,   95.1,   0.20,
0940200312, 061798, 080109,  105.4,   0.18,
0940200311, 061798, 075959,  115.9,   0.19,
0940200310, 061798, 075849,  125.8,   0.17,
0940200309, 061798, 075739,  135.5,   0.15,
0940200308, 061798, 075624,  150.4,   0.15,
0940200307, 061798, 075504,  160.0,   0.15,
0940200304, 061798, 075059,  202.1,   0.16,
0950200322, 071598, 080955,    5.6,   0.18,
0950200321, 071598, 080831,   14.5,   0.19,
0950200319, 071598, 080700,   25.3,   0.20,
0950200318, 071598, 080543,   36.0,   0.22,
0950200317, 071598, 080427,   45.2,   0.32,
0950200316, 071598, 080304,   61.1,   0.24,
0950200315, 071598, 080131,   75.6,   0.20,
0950200314, 071598, 080002,   84.8,   0.21,
0950200313, 071598, 075850,   95.7,   0.20,
0950200312, 071598, 075728,  105.4,   0.18,
0950200311, 071598, 075600,  114.9,   0.21,
0950200310, 071598, 075436,  125.4,   0.21,
0950200309, 071598, 075310,  135.6,   0.24,
0950200308, 071598, 075137,  150.8,   0.18,
0950200306, 071598, 074836,  174.5,   0.16,
0950200304, 071598, 074556,  200.6,   0.15,
0960200322, 081098, 070726,    5.3,   0.26,
0960200321, 081098, 070615,   15.1,   0.22,
0960200319, 081098, 070450,   25.8,   0.21,
0960200318, 081098, 070335,   35.5,   0.21,
0960200317, 081098, 070222,   46.1,   0.22,
0960200316, 081098, 070050,   60.6,   0.20,
0960200315, 081098, 065930,   75.1,   0.21,
0960200314, 081098, 065820,   85.3,   0.21,
0960200313, 081098, 065701,   95.2,   0.21,
0960200312, 081098, 065550,  105.6,   0.19,
0960200311, 081098, 065440,  114.7,   0.19,
0960200310, 081098, 065330,  125.4,   0.21,
0960200309, 081098, 065151,  136.3,   0.21,
0960200308, 081098, 065020,  150.2,   0.21,
0960200306, 081098, 064755,  176.0,   0.21,
0960200304, 081098, 064516,  199.7,   0.16,
0970200322, 092898, 080422,    5.0,   0.23,
0970200321, 092898, 080312,   15.8,   0.21,
0970200319, 092898, 080157,   25.9,   0.21,
0970200318, 092898, 080047,   35.8,   0.24,
0970200317, 092898, 075937,   45.7,   0.23,
0970200316, 092898, 075817,   59.8,   0.24,
0970200315, 092898, 075707,   75.0,   0.23,
0970200314, 092898, 075557,   85.8,   0.27,
0970200313, 092898, 075452,   94.8,   0.21,
0970200312, 092898, 075342,  105.5,   0.21,
0970200311, 092898, 075237,  115.5,   0.21,
0970200310, 092898, 075132,  125.7,   0.23,
0970200309, 092898, 075022,  135.3,   0.21,
0970200308, 092898, 074912,  149.9,   0.19,
0970200306, 092898, 074637,  175.5,   0.18,
0970200304, 092898, 074417,  200.7,   0.15,
0980200622, 101998, 080414,    4.8,   0.16,
0980200621, 101998, 080310,   14.9,   0.18,
0980200619, 101998, 080152,   25.4,   0.19,
0980200618, 101998, 080055,   35.0,   0.16,
0980200617, 101998, 075950,   45.1,   0.21,
0980200616, 101998, 075850,   60.1,   0.19,
0980200615, 101998, 075741,   74.8,   0.17,
0980200614, 101998, 075640,   85.8,   0.15,
0980200613, 101998, 075545,   95.4,   0.13,
0980200612, 101998, 075440,  105.2,   0.13,
0980200611, 101998, 075330,  115.0,   0.12,
0980200610, 101998, 075220,  125.7,   0.14,
0980200609, 101998, 075120,  134.9,   0.14,
0980200608, 101998, 075020,  149.9,   0.11,
0980200606, 101998, 074810,  175.2,   0.10,
0980200604, 101998, 074610,  200.2,   0.08,
0990200622, 111198, 070340,    5.5,   0.21,
0990200621, 111198, 070233,   15.6,   0.21,
0990200619, 111198, 070118,   25.7,   0.20,
0990200618, 111198, 070011,   35.6,   0.20,
0990200617, 111198, 065903,   45.7,   0.21,
0990200616, 111198, 065742,   60.4,   0.19,
0990200615, 111198, 065622,   75.7,   0.19,
0990200614, 111198, 065507,   85.6,   0.17,
0990200613, 111198, 065358,   95.5,   0.20,
0990200612, 111198, 065246,  105.3,   0.16,
0990200611, 111198, 065136,  115.5,   0.14,
0990200610, 111198, 065025,  125.5,   0.14,
0990200609, 111198, 064916,  135.4,   0.17,
0990200608, 111198, 064758,  150.7,   0.13,
0990200606, 111198, 064526,  175.4,   0.16,
0990200604, 111198, 064257,  201.3,   0.11,
1000200623, 120998, 090212,    5.9,   0.22,
1000200621, 120998, 090051,   15.7,   0.18,
1000200619, 120998, 085942,   25.7,   0.21,
1000200618, 120998, 085842,   30.2,   0.21,
1000200617, 120998, 085727,   45.8,   0.22,
1000200616, 120998, 085616,   60.0,   0.21,
1000200615, 120998, 085456,   75.6,   0.23,
1000200614, 120998, 085336,   85.6,   0.24,
1000200613, 120998, 085232,   95.8,   0.25,
1000200612, 120998, 085126,  105.6,   0.21,
1000200611, 120998, 085022,  115.0,   0.18,
1000200610, 120998, 084917,  126.3,   0.20,
1000200609, 120998, 084807,  136.7,   0.18,
1000200608, 120998, 084642,  150.9,   0.17,
1000200606, 120998, 084426,  175.5,   0.18,
1000200604, 120998, 084202,  200.2,   0.16,
1010200622, 011399, 095757,    5.2,   0.25,
1010200621, 011399, 095657,   15.0,   0.21,
1010200619, 011399, 095552,   24.9,   0.20,
1010200618, 011399, 095452,   35.8,   0.19,
1010200617, 011399, 095352,   44.9,   0.20,
1010200616, 011399, 095252,   59.5,   0.21,
1010200615, 011399, 095132,   74.6,   0.33,
1010200614, 011399, 095033,   84.8,   0.23,
1010200613, 011399, 094932,   94.9,   0.25,
1010200612, 011399, 094832,  105.4,   0.25,
1010200611, 011399, 094732,  114.4,   0.21,
1010200610, 011399, 094633,  125.6,   0.21,
1010200609, 011399, 094532,  133.6,   0.23,
1010200608, 011399, 094432,  150.0,   0.18,
1010200606, 011399, 094232,  175.6,   0.11,
1010200604, 011399, 094032,  199.7,   0.14,
1020200422, 021899, 092754,    5.1,   0.13,
1020200421, 021899, 092649,   16.1,   0.11,
1020200419, 021899, 092538,   26.1,   0.09,
1020200418, 021899, 092434,   35.2,   0.10,
1020200417, 021899, 092334,   45.5,   0.11,
1020200416, 021899, 092229,   60.9,   0.12,
1020200415, 021899, 092129,   76.1,   0.12,
1020200414, 021899, 092029,   85.9,   0.11,
1020200413, 021899, 091929,   96.7,   0.13,
1020200412, 021899, 091828,  105.6,   0.09,
1020200411, 021899, 091729,  115.9,   0.11,
1020200410, 021899, 091630,  126.0,   0.13,
1020200409, 021899, 091529,  135.5,   0.10,
1020200408, 021899, 091424,  150.8,   0.11,
1020200406, 021899, 091215,  175.6,   0.10,
1020200404, 021899, 091004,  201.1,   0.10,
1030200622, 031799, 080014,    5.3,   0.22,
1030200621, 031799, 075904,   15.7,   0.21,
1030200619, 031799, 075742,   25.7,   0.21,
1030200618, 031799, 075643,   33.8,   0.21,
1030200617, 031799, 075535,   45.4,   0.19,
1030200616, 031799, 075418,   60.7,   0.20,
1030200615, 031799, 075303,   75.3,   0.21,
1030200614, 031799, 075153,   85.8,   0.20,
1030200613, 031799, 075046,   94.1,   0.19,
1030200612, 031799, 074937,  105.5,   0.19,
1030200611, 031799, 074837,  115.1,   0.20,
1030200610, 031799, 074733,  125.6,   0.18,
1030200609, 031799, 074624,  135.8,   0.19,
1030200608, 031799, 074517,  150.6,   0.15,
1030200606, 031799, 074255,  176.3,   0.13,
1030200604, 031799, 074029,  203.1,   0.12,
1040200712, 041499, 070218,    5.3,   0.26,
1040200711, 041499, 065817,  179.9,   0.23,
1040200823, 041499, 095713,    4.7,   0.19,
1040200822, 041499, 095614,   14.9,   0.49,
1040200820, 041499, 095503,   25.1,   0.24,
1040200819, 041499, 095404,   35.4,   0.28,
1040200818, 041499, 095309,   45.3,   0.27,
1040200817, 041499, 095205,   59.0,   0.27,
1040200816, 041499, 095058,   75.1,   0.21,
1040200815, 041499, 094959,   85.0,   0.25,
1040200814, 041499, 094854,   95.4,   0.20,
1040200813, 041499, 094749,  104.2,   0.24,
1040200812, 041499, 094704,  114.2,   0.16,
1040200811, 041499, 094613,  124.0,   0.18,
1040200810, 041499, 094518,  135.6,   0.15,
1040200809, 041499, 094418,  149.4,   0.17,
1040200808, 041499, 094318,  174.5,   0.14,
1040200807, 041499, 094204,  199.1,   0.17,
1050200622, 051099, 080152,    5.3,   0.19,
1050200621, 051099, 080052,   15.1,   0.17,
1050200619, 051099, 075947,   24.6,   0.18,
1050200618, 051099, 075847,   34.9,   0.15,
1050200617, 051099, 075746,   44.8,   0.15,
1050200616, 051099, 075646,   59.7,   0.15,
1050200615, 051099, 075546,   75.7,   0.15,
1050200614, 051099, 075446,   85.8,   0.17,
1050200613, 051099, 075347,   95.3,   0.17,
1050200612, 051099, 075247,  104.6,   0.17,
1050200611, 051099, 075146,  114.7,   0.16,
1050200610, 051099, 075047,  124.9,   0.13,
1050200609, 051099, 074946,  135.2,   0.11,
1050200608, 051099, 074842,  150.1,   0.12,
1050200606, 051099, 074632,  177.2,   0.12,
1050200604, 051099, 074432,  197.8,   0.13,
1060200622, 071499, 080210,    4.3,   0.21,
1060200621, 071499, 080045,   14.6,   0.23,
1060200619, 071499, 075921,   24.7,   0.23,
1060200618, 071499, 075810,   33.8,   0.30,
1060200617, 071499, 075640,   44.4,   0.26,
1060200616, 071499, 075530,   59.4,   0.27,
1060200615, 071499, 075415,   73.9,   0.22,
1060200614, 071499, 075310,   84.0,   0.23,
1060200613, 071499, 075151,   95.0,   0.21,
1060200612, 071499, 075030,  104.6,   0.21,
1060200611, 071499, 074920,  113.8,   0.19,
1060200610, 071499, 074820,  124.2,   0.23,
1060200609, 071499, 074730,  134.3,   0.24,
1060200608, 071499, 074620,  149.5,   0.19,
1060200606, 071499, 074420,  174.2,   0.21,
1060200604, 071499, 074142,  200.5,   0.21,
1070200922, 081499, 075717,    4.6,   0.24,
1070200921, 081499, 075613,   14.0,   0.24,
1070200919, 081499, 075501,   25.0,   0.23,
1070200918, 081499, 075358,   34.6,   0.24,
1070200917, 081499, 075257,   44.4,   0.20,
1070200916, 081499, 075142,   60.0,   0.22,
1070200915, 081499, 075021,   75.0,   0.23,
1070200914, 081499, 074925,   84.2,   0.26,
1070200913, 081499, 074824,   94.7,   0.15,
1070200912, 081499, 074720,  104.7,   0.13,
1070200911, 081499, 074621,  114.6,   0.17,
1070200910, 081499, 074523,  124.5,   0.17,
1070200909, 081499, 074423,  134.6,   0.17,
1070200908, 081499, 074313,  149.7,   0.14,
1070200906, 081499, 074102,  174.6,   0.13,
1070200904, 081499, 073843,  201.3,   0.14,
1080200622, 101599, 085501,    5.0,   0.26,
1080200621, 101599, 085356,   15.1,   0.26,
1080200619, 101599, 085241,   24.6,   0.26,
1080200618, 101599, 085141,   34.9,   0.24,
1080200617, 101599, 085041,   44.2,   0.27,
1080200616, 101599, 084931,   59.4,   0.23,
1080200615, 101599, 084832,   74.1,   0.24,
1080200614, 101599, 084727,   84.5,   0.25,
1080200613, 101599, 084632,   94.5,   0.25,
1080200612, 101599, 084527,  105.3,   0.21,
1080200611, 101599, 084427,  114.5,   0.22,
1080200610, 101599, 084321,  123.8,   0.21,
1080200609, 101599, 084227,  134.2,   0.19,
1080200608, 101599, 084126,  149.7,   0.17,
1080200606, 101599, 083926,  174.9,   0.15,
1080200604, 101599, 083731,  200.0,   0.16,
1090200622, 110999, 065637,    5.3,   0.25,
1090200621, 110999, 065541,   14.9,   0.28,
1090200619, 110999, 065436,   25.3,   0.42,
1090200618, 110999, 065341,   35.0,   0.34,
1090200617, 110999, 065246,   45.1,   0.36,
1090200616, 110999, 065146,   60.1,   0.44,
1090200615, 110999, 065047,   74.9,   0.38,
1090200614, 110999, 064951,   84.4,   0.36,
1090200613, 110999, 064852,   94.5,   0.38,
1090200612, 110999, 064752,  104.1,   0.26,
1090200611, 110999, 064651,  114.5,   0.29,
1090200610, 110999, 064551,  124.4,   0.21,
1090200609, 110999, 064456,  135.0,   0.20,
1090200608, 110999, 064356,  150.1,   0.22,
1090200606, 110999, 064156,  174.7,   0.19,
1090200604, 110999, 063951,  199.5,   0.15,
1100200623, 121599, 075536,    4.6,   0.29,
1100200621, 121599, 075436,   14.9,   0.25,
1100200619, 121599, 075335,   24.3,   0.24,
1100200618, 121599, 075241,   34.5,   0.21,
1100200617, 121599, 075146,   44.8,   0.26,
1100200616, 121599, 075046,   59.6,   0.23,
1100200615, 121599, 074945,   74.5,   0.26,
1100200614, 121599, 074851,   84.3,   0.29,
1100200613, 121599, 074801,   93.8,   0.26,
1100200612, 121599, 074705,  104.6,   0.26,
1100200611, 121599, 074616,  114.3,   0.22,
1100200610, 121599, 074516,  124.8,   0.28,
1100200609, 121599, 074421,  135.3,   0.21,
1100200608, 121599, 074316,  149.6,   0.22,
1100200606, 121599, 074116,  174.6,   0.15,
1100200604, 121599, 073906,  200.4,   0.13,
1110200517, 020300, 040025,    4.2,   0.18,
1110200516, 020300, 035823,   59.0,   0.19,
1110200622, 020300, 070624,    4.4,   0.21,
1110200621, 020300, 070456,   14.3,   0.20,
1110200619, 020300, 070322,   24.6,   0.14,
1110200618, 020300, 070159,   34.7,   0.15,
1110200617, 020300, 070044,   44.7,   0.19,
1110200616, 020300, 065913,   59.7,   0.20,
1110200615, 020300, 065732,   74.7,   0.21,
1110200612, 020300, 065325,  104.5,   0.21,
1110200610, 020300, 065035,  124.3,   0.18,
1110200608, 020300, 064738,  150.1,   0.16,
1110200606, 020300, 064439,  175.2,   0.14,
1110200604, 020300, 064057,  202.0,   0.13,
1120200722, 030100, 065558,    4.5,   0.24,
1120200721, 030100, 065459,   15.3,   0.20,
1120200719, 030100, 065349,   25.1,   0.19,
1120200718, 030100, 065243,   34.3,   0.22,
1120200717, 030100, 065139,   45.7,   0.18,
1120200716, 030100, 065039,   59.4,   0.13,
1120200715, 030100, 064934,   75.6,   0.19,
1120200714, 030100, 064834,   83.3,   0.24,
1120200713, 030100, 064734,   95.3,   0.19,
1120200712, 030100, 064629,  105.5,   0.19,
1120200711, 030100, 064534,  113.8,   0.21,
1120200710, 030100, 064434,  124.0,   0.15,
1120200709, 030100, 064334,  135.0,   0.15,
1120200708, 030100, 064234,  148.6,   0.21,
1120200706, 030100, 064009,  174.5,   0.17,
1120200704, 030100, 063744,  200.9,   0.17,
1130200522, 032900, 045650,    4.2,   0.20,
1130200521, 032900, 045400,  100.2,   0.16,
1130200622, 032900, 075439,    4.6,   0.19,
1130200621, 032900, 075340,   14.3,   0.20,
1130200619, 032900, 075231,   23.5,   0.19,
1130200618, 032900, 075130,   33.8,   0.17,
1130200617, 032900, 075031,   44.7,   0.21,
1130200616, 032900, 074929,   59.7,   0.21,
1130200615, 032900, 074821,   74.2,   0.16,
1130200614, 032900, 074723,   84.3,   0.17,
1130200613, 032900, 074625,   93.5,   0.20,
1130200611, 032900, 074423,  115.1,   0.20,
1130200610, 032900, 074321,  125.2,   0.16,
1130200609, 032900, 074223,  134.0,   0.14,
1130200608, 032900, 074121,  149.3,   0.10,
1130200606, 032900, 073923,  174.8,   0.11,
1130200604, 032900, 073717,  201.2,   0.07,
1140200622, 042600, 075937,    4.9,   0.22,
1140200621, 042600, 075829,   14.9,   0.21,
1140200619, 042600, 075709,   25.0,   0.16,
1140200618, 042600, 075603,   35.5,   0.12,
1140200617, 042600, 075502,   44.7,   0.23,
1140200616, 042600, 075347,   60.7,   0.20,
1140200615, 042600, 075153,   75.0,   0.18,
1140200614, 042600, 075049,   83.9,   0.18,
1140200613, 042600, 074944,   94.8,   0.17,
1140200612, 042600, 074843,  104.0,   0.21,
1140200611, 042600, 074739,  114.2,   0.26,
1140200610, 042600, 074633,  124.6,   0.15,
1140200609, 042600, 074532,  134.7,   0.15,
1140200608, 042600, 074423,  149.3,   0.15,
1140200606, 042600, 074216,  174.2,   0.12,
1140200604, 042600, 073955,  200.5,   0.11,
1150200624, 052400, 075836,    4.9,   0.28,
1150200622, 052400, 075717,   15.1,   0.29,
1150200620, 052400, 075555,   25.1,   0.21,
1150200619, 052400, 075449,   35.0,   0.28,
1150200617, 052400, 075335,   45.3,   0.26,
1150200616, 052400, 075224,   59.8,   0.25,
1150200615, 052400, 075120,   74.1,   0.28,
1150200614, 052400, 075018,   84.9,   0.25,
1150200613, 052400, 074918,   94.8,   0.28,
1150200612, 052400, 074814,  104.2,   0.30,
1150200611, 052400, 074713,  114.0,   0.30,
1150200610, 052400, 074605,  124.2,   0.37,
1150200609, 052400, 074506,  134.3,   0.40,
1150200608, 052400, 074357,  150.2,   0.25,
1150200606, 052400, 074150,  175.1,   0.18,
1150200604, 052400, 073930,  199.4,   0.19,
1160200722, 062100, 080017,    4.6,   0.24,
1160200721, 062100, 075852,   14.4,   0.21,
1160200719, 062100, 075731,   24.7,   0.23,
1160200718, 062100, 075628,   34.3,   0.23,
1160200717, 062100, 075526,   44.4,   0.24,
1160200715, 062100, 075255,   74.8,   0.21,
1160200714, 062100, 075137,   84.8,   0.25,
1160200713, 062100, 075032,   94.4,   0.20,
1160200712, 062100, 074927,  104.1,   0.22,
1160200711, 062100, 074822,  115.0,   0.22,
1160200710, 062100, 074717,  124.9,   0.22,
1160200709, 062100, 074612,  134.4,   0.18,
1160200708, 062100, 074507,  149.8,   0.22,
1160200706, 062100, 074307,  174.5,   0.16,
1160200704, 062100, 074042,  202.0,   0.12,
1170200522, 072600, 080738,    4.5,   0.19,
1170200521, 072600, 080604,   14.4,   0.21,
1170200519, 072600, 080434,   23.4,   0.21,
1170200518, 072600, 080320,   34.3,   0.19,
1170200517, 072600, 080206,   45.0,   0.21,
1170200516, 072600, 080040,   59.1,   0.21,
1170200515, 072600, 075924,   75.1,   0.21,
1170200514, 072600, 075804,   85.3,   0.22,
1170200513, 072600, 075650,   94.7,   0.24,
1170200512, 072600, 075532,  106.0,   0.21,
1170200511, 072600, 075242,  114.1,   0.21,
1170200510, 072600, 075132,  124.4,   0.20,
1170200509, 072600, 075024,  134.0,   0.18,
1170200508, 072600, 074908,  150.1,   0.15,
1170200506, 072600, 074648,  174.7,   0.17,
1170200504, 072600, 074422,  199.6,   0.13,
1180200617, 082300, 041450,    5.1,   0.23,
1180200616, 082300, 041157,   91.4,   0.21,
1180200722, 082300, 065625,    5.0,   0.21,
1180200721, 082300, 065521,   15.2,   0.21,
1180200719, 082300, 065409,   24.9,   0.21,
1180200718, 082300, 065312,   34.7,   0.21,
1180200717, 082300, 065214,   44.9,   0.26,
1180200716, 082300, 065114,   60.0,   0.35,
1180200715, 082300, 065010,   73.9,   0.24,
1180200714, 082300, 064905,   85.1,   0.23,
1180200713, 082300, 064758,   94.7,   0.21,
1180200712, 082300, 064652,  105.3,   0.16,
1180200711, 082300, 064548,  114.8,   0.21,
1180200710, 082300, 064447,  126.0,   0.19,
1180200709, 082300, 064347,  134.9,   0.17,
1180200708, 082300, 064238,  149.0,   0.16,
1180200707, 082300, 064133,  159.5,   0.15,
1180200706, 082300, 064031,  173.9,   0.14,
1180200705, 082300, 063931,  185.4,   0.21,
1180200704, 082300, 063826,  201.1,   0.12,
1190200720, 101800, 100516,    4.9,   0.22,
1190200717, 101800, 100235,   24.9,   0.20,
1190200715, 101800, 100010,   44.7,   0.19,
1190200713, 101800, 095723,   75.0,   0.20,
1190200711, 101800, 095449,   99.7,   0.16,
1190200709, 101800, 095203,  126.0,   0.15,
1190200707, 101800, 094927,  151.3,   0.13,
1190200705, 101800, 094641,  174.7,   0.11,
1190200704, 101800, 094516,  200.7,   0.12,
1200200622, 113000, 065955,    4.6,   0.20,
1200200620, 113000, 065832,   14.8,   0.20,
1200200619, 113000, 065718,   25.2,   0.19,
1200200617, 113000, 065551,   35.0,   0.21,
1200200616, 113000, 065443,   44.8,   0.20,
1200200615, 113000, 065329,   60.1,   0.21,
1200200614, 113000, 065213,   74.5,   0.20,
1200200612, 113000, 064949,   99.6,   0.19,
1200200610, 113000, 064717,  125.1,   0.18,
1200200609, 113000, 064555,  150.1,   0.15,
1200200607, 113000, 064330,  174.6,   0.13,
1200200606, 113000, 064202,  201.0,   0.13,
1210200818, 122000, 095546,    4.6,   0.24,
1210200817, 122000, 095443,   15.1,   0.26,
1210200815, 122000, 095324,   23.9,   0.26,
1210200814, 122000, 095219,   34.5,   0.28,
1210200813, 122000, 095118,   45.3,   0.23,
1210200812, 122000, 095013,   58.9,   0.21,
1210200811, 122000, 094904,   72.8,   0.26,
1210200809, 122000, 094637,   99.3,   0.19,
1210200807, 122000, 094412,  122.2,   0.19,
1210200806, 122000, 094226,  150.4,   0.20,
1210200804, 122000, 094022,  172.3,   0.15,
1210200803, 122000, 093908,  199.6,   0.15,
1220200618, 011701, 064943,    4.2,   0.21,
1220200617, 011701, 064842,   13.6,   0.21,
1220200615, 011701, 064734,   23.3,   0.22,
1220200614, 011701, 064641,   33.7,   0.22,
1220200613, 011701, 064552,   43.2,   0.28,
1220200612, 011701, 064456,   58.1,   0.22,
1220200611, 011701, 064400,   74.1,   0.24,
1220200609, 011701, 064212,   98.4,   0.21,
1220200607, 011701, 064020,  124.1,   0.22,
1220200606, 011701, 063909,  148.5,   0.17,
1220200604, 011701, 063714,  172.8,   0.17,
1220200603, 011701, 063600,  198.9,   0.15,
1230200319, 021501, 031618,    4.2,   0.23,
1230200318, 021501, 031510,   13.9,   0.21,
1230200316, 021501, 031356,   25.0,   0.22,
1230200315, 021501, 031300,   33.8,   0.20,
1230200314, 021501, 031205,   43.9,   0.21,
1230200313, 021501, 031110,   59.5,   0.21,
1230200312, 021501, 031005,   73.8,   0.23,
1230200310, 021501, 030705,   99.1,   0.21,
1230200308, 021501, 030440,  123.2,   0.20,
1230200307, 021501, 030310,  151.3,   0.13,
1230200305, 021501, 030040,  173.8,   0.15,
1230200304, 021501, 025905,  198.4,   0.20,