botid, date, time, press, ebact, 
#, mmddyy, hhmmss, dbar, #*1e5/ml, 
0440201312, 012193, 114728,    5.2,  0.008,
0440201311, 012193, 114612,   24.7,  0.012,
0440201310, 012193, 114512,   43.4,  0.013,
0440201309, 012193, 114355,   74.6,  0.010,
0440201308, 012193, 114258,   90.0,  0.009,
0440201306, 012193, 114106,  113.4,  0.006,
0440201305, 012193, 114002,  124.5,  0.005,
0440201304, 012193, 113843,  150.9,  0.002,
0440201303, 012193, 113719,  176.5,  0.000,
0460200924, 041593, 074146,    5.8,  0.003,
0460200923, 041593, 073917,   23.7,  0.003,
0460200922, 041593, 073706,   43.8,  0.002,
0460200921, 041593, 073446,   74.2,  0.006,
0460200920, 041593, 073259,   89.6,  0.006,
0460200919, 041593, 073056,  100.2,  0.031,
0460200918, 041593, 072907,  103.7,  0.029,
0460200917, 041593, 072714,  109.2,  0.020,
0460200911, 041593, 071518,  119.5,  0.026,
0460200909, 041593, 071047,  135.1,  0.027,
0460200908, 041593, 070838,  149.8,  0.011,
0460200903, 041593, 065936,  173.1,  0.004,
0470200324, 052093, 075149,    6.7,  0.002,
0470200323, 052093, 075043,   24.5,  0.008,
0470200322, 052093, 074926,   45.1,  0.008,
0470200321, 052093, 074754,   75.7,  0.008,
0470200320, 052093, 074629,  100.7,  0.005,
0470200319, 052093, 074528,  109.4,  0.022,
0470200318, 052093, 074420,  119.2,  0.008,
0470200317, 052093, 074250,  128.8,  0.016,
0470200316, 052093, 074152,  135.1,  0.016,
0470200310, 052093, 073817,  144.1,  0.014,
0470200309, 052093, 073646,  160.8,  0.008,
0470200308, 052093, 073515,  174.7,  0.003,
0490201723, 091593, 100623,    5.2,  0.003,
0490201721, 091593, 100432,   25.1,  0.004,
0490201719, 091593, 100239,   46.2,  0.003,
0490201716, 091593, 095929,   76.0,  0.002,
0490201714, 091593, 095653,  100.7,  0.006,
0490201713, 091593, 095515,  115.9,  0.007,
0490201712, 091593, 095338,  120.7,  0.008,
0490201711, 091593, 095228,  125.9,  0.006,
0490201710, 091593, 095104,  130.1,  0.005,
0490201709, 091593, 094929,  139.9,  0.005,
0490201708, 091593, 094803,  149.8,  0.002,
0490201706, 091593, 094559,  175.6,  0.002,
0500201419, 103093, 092427,    5.7,  0.003,
0500201418, 103093, 092246,   25.8,  0.005,
0500201417, 103093, 092106,   47.4,  0.007,
0500201415, 103093, 091825,   74.4,  0.007,
0500201414, 103093, 091652,   90.0,  0.005,
0500201413, 103093, 091531,  100.4,  0.016,
0500201411, 103093, 091254,  115.6,  0.015,
0500201410, 103093, 091128,  119.7,  0.014,
0500201409, 103093, 091009,  125.6,  0.015,
0500201408, 103093, 090837,  137.1,  0.005,
0500201407, 103093, 090700,  151.7,  0.001,
0500201406, 103093, 090507,  175.1,  0.000,
0510201317, 012194, 134205,    7.1,  0.009,
0510201315, 012194, 134004,   27.0,  0.008,
0510201314, 012194, 133847,   46.3,  0.008,
0510201312, 012194, 133607,   75.0,  0.008,
0510201311, 012194, 133448,   89.6,  0.007,
0510201310, 012194, 133335,  100.1,  0.005,
0510201309, 012194, 133208,  116.0,  0.009,
0510201308, 012194, 133058,  126.1,  0.006,
0510201307, 012194, 132951,  135.3,  0.004,
0510201306, 012194, 132820,  148.8,  0.002,
0510201305, 012194, 132635,  173.7,  0.001,
0520201316, 021894, 084037,    6.3,  0.010,
0520201315, 021894, 083907,   25.8,  0.010,
0520201314, 021894, 083738,   44.2,  0.011,
0520201313, 021894, 083603,   60.5,  0.011,
0520201312, 021894, 083438,   77.5,  0.013,
0520201311, 021894, 083342,   86.1,  0.005,
0520201310, 021894, 083222,  102.1,  0.006,
0520201309, 021894, 083058,  126.4,  0.007,
0520201308, 021894, 082956,  135.6,  0.007,
0520201307, 021894, 082843,  149.8,  0.006,
0520201306, 021894, 082712,  174.0,  0.005,
0520201305, 021894, 082526,  191.9,  0.002,
0530201516, 031094, 085819,    4.5,  0.004,
0530201515, 031094, 085707,   24.4,  0.004,
0530201514, 031094, 085604,   44.5,  0.005,
0530201513, 031094, 085457,   74.7,  0.007,
0530201512, 031094, 085345,   99.4,  0.009,
0530201511, 031094, 085213,  124.6,  0.009,
0530201510, 031094, 085103,  141.0,  0.012,
0530201509, 031094, 085009,  145.1,  0.012,
0530201508, 031094, 084919,  150.0,  0.008,
0530201507, 031094, 084827,  154.6,  0.013,
0530201506, 031094, 084732,  160.5,  0.011,
0530201505, 031094, 084637,  176.1,  0.002,
0540200415, 061894, 203509,    5.1,  0.001,
0540200414, 061894, 203329,   24.0,  0.002,
0540200413, 061894, 203143,   44.4,  0.002,
0540200412, 061894, 202924,   74.9,  0.003,
0540200411, 061894, 202719,   98.7,  0.001,
0540200410, 061894, 202711,   98.7,  0.004,
0540200409, 061894, 202510,  126.0,  0.008,
0540200408, 061894, 202329,  140.4,  0.016,
0540200407, 061894, 202156,  150.0,  0.016,
0540200406, 061894, 202004,  160.3,  0.009,
0540200405, 061894, 201825,  175.1,  0.005,
0550201312, 072694, 121000,    5.2,  0.014,
0550201311, 072694, 120824,   24.9,  0.016,
0550201310, 072694, 120645,   43.6,  0.013,
0550201309, 072694, 120516,   74.6,  0.004,
0550201308, 072694, 120326,  100.6,  0.006,
0550201307, 072694, 120156,  109.9,  0.005,
0550201306, 072694, 120028,  123.8,  0.002,
0550201305, 072694, 115806,  150.5,  0.002,
0550201304, 072694, 115602,  173.7,  0.001,
0560201424, 083194, 101551,    5.1,  0.005,
0560201423, 083194, 101438,    9.9,  0.004,
0560201422, 083194, 101311,   25.4,  0.004,
0560201421, 083194, 101144,   34.5,  0.005,
0560201420, 083194, 101014,   45.0,  0.005,
0560201419, 083194, 100843,   59.8,  0.036,
0560201418, 083194, 100705,   74.4,  0.008,
0560201416, 083194, 100402,  100.2,  0.006,
0560201412, 083194, 095853,  149.6,  0.001,
0560201411, 083194, 095718,  165.6,  0.001,
0560201410, 083194, 095608,  174.8,  0.003,
0570201216, 092494, 080853,    5.7,  0.002,
0570201214, 092494, 080720,   25.5,  0.002,
0570201213, 092494, 080536,   45.7,  0.001,
0570201212, 092494, 080321,   75.6,  0.004,
0570201211, 092494, 080221,   85.3,  0.002,
0570201210, 092494, 080122,   95.3,  0.006,
0570201209, 092494, 080027,  100.5,  0.013,
0570201208, 092494, 075932,  111.7,  0.025,
0570201207, 092494, 075818,  126.1,  0.009,
0570201206, 092494, 075703,  150.9,  0.005,
0570201205, 092494, 075551,  174.6,  0.001,
0580201512, 101694, 111329,    5.0,  0.015,
0580201511, 101694, 111154,   24.5,  0.012,
0580201510, 101694, 111020,   45.6,  0.014,
0580201509, 101694, 110829,   75.5,  0.015,
0580201508, 101694, 110651,  101.2,  0.007,
0580201507, 101694, 110512,  125.8,  0.001,
0580201506, 101694, 110329,  151.7,  0.001,
0580201505, 101694, 110137,  177.8,  0.000,
0590200615, 112094, 104440,    5.6,  0.002,
0590200614, 112094, 104245,   26.1,  0.002,
0590200613, 112094, 104124,   45.9,  0.002,
0590200612, 112094, 103940,   76.1,  0.004,
0590200611, 112094, 103831,   90.1,  0.006,
0590200610, 112094, 103728,   99.4,  0.009,
0590200609, 112094, 103625,  109.9,  0.007,
0590200608, 112094, 103511,  128.6,  0.004,
0590200607, 112094, 103245,  149.4,  0.001,
0590200606, 112094, 103116,  175.9,  0.000,
0600200616, 020795, 091418,    5.6,  0.003,
0600200614, 020795, 091236,   24.5,  0.003,
0600200613, 020795, 091056,   44.8,  0.003,
0600200612, 020795, 090835,   75.7,  0.002,
0600200611, 020795, 090629,  101.2,  0.006,
0600200610, 020795, 090507,  114.2,  0.009,
0600200609, 020795, 090353,  123.9,  0.009,
0600200608, 020795, 090257,  134.3,  0.010,
0600200607, 020795, 090202,  140.8,  0.009,
0600200606, 020795, 090059,  150.9,  0.005,
0600200605, 020795, 085929,  174.6,  0.002,
0610201312, 030595, 114219,    4.8,  0.012,
0610201311, 030595, 114027,   25.4,  0.013,
0610201310, 030595, 113845,   44.8,  0.015,
0610201309, 030595, 113709,   74.5,  0.023,
0610201308, 030595, 113520,  100.8,  0.014,
0610201307, 030595, 113314,  124.3,  0.003,
0610201306, 030595, 113126,  150.6,  0.001,
0610201305, 030595, 112911,  174.0,  0.000,
0620201415, 040795, 100406,    4.7,  0.010,
0620201414, 040795, 100230,   24.5,  0.009,
0620201413, 040795, 100055,   44.4,  0.009,
0620201412, 040795, 095858,   74.2,  0.007,
0620201411, 040795, 095719,  100.6,  0.004,
0620201410, 040795, 095440,  125.8,  0.008,
0620201409, 040795, 095327,  134.3,  0.011,
0620201408, 040795, 095221,  137.5,  0.007,
0620201407, 040795, 095049,  145.4,  0.006,
0620201406, 040795, 094950,  149.5,  0.006,
0620201405, 040795, 094753,  174.6,  0.004,
0630201317, 050895, 091727,    4.9,  0.000,
0630201315, 050895, 091548,   24.5,  0.000,
0630201314, 050895, 091400,   45.2,  0.001,
0630201313, 050895, 091227,   75.0,  0.001,
0630201312, 050895, 091102,   99.4,  0.001,
0630201311, 050895, 091006,  110.0,  0.002,
0630201310, 050895, 090918,  115.2,  0.004,
0630201309, 050895, 090824,  120.1,  0.007,
0630201308, 050895, 090729,  125.0,  0.025,
0630201307, 050895, 090554,  150.6,  0.006,
0630201306, 050895, 090427,  175.7,  0.002,
0640201518, 073195, 180223,    4.3,  0.003,
0640201516, 073195, 180048,   25.0,  0.003,
0640201514, 073195, 175858,   39.9,  0.006,
0640201513, 073195, 175709,   59.6,  0.013,
0640201512, 073195, 175502,   79.1,  0.030,
0640201510, 073195, 175319,   89.9,  0.009,
0640201508, 073195, 175116,   99.4,  0.002,
0640201506, 073195, 174911,  150.1,  0.004,
0650210008, 082995, -00009,    5.0,  0.004,
0650210007, 082995, -00009,   25.0,  0.002,
0650210006, 082995, -00009,   45.0,  0.005,
0650210004, 082995, -00009,  100.0,  0.013,
0650210003, 082995, -00009,  125.0,  0.007,
0650210002, 082995, -00009,  150.0,  0.000,
0660201418, 092895, 100216,    4.9,  0.005,
0660201417, 092895, 100058,   16.0,  0.006,
0660201416, 092895, 100010,   24.8,  0.004,
0660201415, 092895, 095904,   34.9,  0.005,
0660201414, 092895, 095806,   44.2,  0.004,
0660201413, 092895, 095714,   54.7,  0.005,
0660201412, 092895, 095624,   64.5,  0.006,
0660201411, 092895, 095526,   74.6,  0.011,
0660201410, 092895, 095416,   94.1,  0.013,
0660201409, 092895, 095332,   99.3,  0.009,
0660201408, 092895, 095232,  110.7,  0.012,
0660201407, 092895, 095125,  124.9,  0.004,
0660201406, 092895, 095009,  149.7,  0.001,
0660201405, 092895, 094839,  174.3,  0.001,
0670210008, 102795, -00009,    5.0,  0.004,
0670210007, 102795, -00009,   25.0,  0.006,
0670210006, 102795, -00009,   45.0,  0.003,
0670210005, 102795, -00009,   75.0,  0.008,
0670210004, 102795, -00009,  100.0,  0.015,
0670210003, 102795, -00009,  125.0,  0.006,
0670210002, 102795, -00009,  150.0,  0.001,
0670210001, 102795, -00009,  175.0,  0.001,
0680210008, 111795, -00009,    5.0,  0.007,
0680210007, 111795, -00009,   25.0,  0.006,
0680210006, 111795, -00009,   45.0,  0.008,
0680210005, 111795, -00009,   75.0,  0.010,
0680210004, 111795, -00009,  100.0,  0.027,
0680210003, 111795, -00009,  125.0,  0.003,
0680210002, 111795, -00009,  150.0,  0.001,
0690210008, 011796, -00009,    5.0,  0.009,
0690210007, 011796, -00009,   25.0,  0.010,
0690210006, 011796, -00009,   45.0,  0.009,
0690210005, 011796, -00009,   75.0,  0.010,
0690210004, 011796, -00009,  100.0,  0.011,
0690210003, 011796, -00009,  125.0,  0.001,
0690210002, 011796, -00009,  150.0,  0.001,
0700210008, 032796, -00009,    5.0,  0.014,
0700210007, 032796, -00009,   25.0,  0.004,
0700210006, 032796, -00009,   45.0,  0.005,
0700210005, 032796, -00009,   75.0,  0.007,
0700210004, 032796, -00009,  100.0,  0.002,
0700210003, 032796, -00009,  125.0,  0.002,
0700210001, 032796, -00009,  175.0,  0.000,
0710210008, 042496, -00009,    5.0,  0.010,
0710210007, 042496, -00009,   25.0,  0.009,
0710210006, 042496, -00009,   45.0,  0.008,
0710210005, 042496, -00009,   75.0,  0.008,
0710210004, 042496, -00009,  100.0,  0.003,
0710210003, 042496, -00009,  125.0,  0.012,
0720210008, 052296, -00009,    5.0,  0.012,
0720210007, 052296, -00009,   25.0,  0.013,
0720210006, 052296, -00009,   45.0,  0.015,
0720210005, 052296, -00009,   75.0,  0.014,
0720210004, 052296, -00009,  100.0,  0.008,
0720210003, 052296, -00009,  125.0,  0.005,
0720210002, 052296, -00009,  150.0,  0.003,
0730210008, 062696, -00009,    5.0,  0.012,
0730210007, 062696, -00009,   25.0,  0.010,
0730210006, 062696, -00009,   45.0,  0.008,
0730210005, 062696, -00009,   75.0,  0.013,
0730210004, 062696, -00009,  100.0,  0.008,
0730210003, 062696, -00009,  125.0,  0.001,
0730210002, 062696, -00009,  150.0,  0.008,
0740210008, 072796, -00009,    5.0,  0.014,
0740210007, 072796, -00009,   25.0,  0.012,
0740210006, 072796, -00009,   45.0,  0.015,
0740210005, 072796, -00009,   75.0,  0.014,
0740210004, 072796, -00009,  100.0,  0.008,
0740210003, 072796, -00009,  125.0,  0.003,
0740210002, 072796, -00009,  150.0,  0.003,
0750210008, 082196, -00009,    5.0,  0.002,
0750210007, 082196, -00009,   25.0,  0.004,
0750210006, 082196, -00009,   45.0,  0.002,
0750210005, 082196, -00009,   75.0,  0.002,
0750210004, 082196, -00009,  100.0,  0.010,
0750210003, 082196, -00009,  125.0,  0.018,
0750210002, 082196, -00009,  150.0,  0.004,
0750210001, 082196, -00009,  175.0,  0.002,
0760210008, 100296, -00009,    5.0,  0.001,
0760210007, 100296, -00009,   25.0,  0.003,
0760210006, 100296, -00009,   45.0,  0.003,
0760210005, 100296, -00009,   75.0,  0.002,
0760210003, 100296, -00009,  125.0,  0.001,
0760210002, 100296, -00009,  150.0,  0.001,
0770210008, 103096, -00009,    5.0,  0.005,
0770210007, 103096, -00009,   25.0,  0.005,
0770210006, 103096, -00009,   45.0,  0.004,
0770210005, 103096, -00009,   75.0,  0.008,
0770210004, 103096, -00009,  100.0,  0.013,
0770210003, 103096, -00009,  125.0,  0.010,
0770210002, 103096, -00009,  150.0,  0.003,
0770210001, 103096, -00009,  175.0,  0.001,
0780210008, 121196, -00009,    5.0,  0.013,
0780210007, 121196, -00009,   25.0,  0.011,
0780210006, 121196, -00009,   45.0,  0.014,
0780210005, 121196, -00009,   75.0,  0.008,
0780210004, 121196, -00009,  100.0,  0.013,
0780210003, 121196, -00009,  125.0,  0.008,
0780210002, 121196, -00009,  150.0,  0.003,
0790210008, 010897, -00009,    5.0,  0.018,
0790210007, 010897, -00009,   25.0,  0.017,
0790210006, 010897, -00009,   45.0,  0.026,
0790210005, 010897, -00009,   75.0,  0.041,
0790210004, 010897, -00009,  100.0,  0.019,
0790210003, 010897, -00009,  125.0,  0.010,
0790210002, 010897, -00009,  150.0,  0.006,
0790210001, 010897, -00009,  175.0,  0.002,
0800210008, 021897, -00009,    5.0,  0.008,
0800210007, 021897, -00009,   25.0,  0.008,
0800210006, 021897, -00009,   45.0,  0.008,
0800210005, 021897, -00009,   75.0,  0.007,
0800210004, 021897, -00009,  100.0,  0.018,
0800210003, 021897, -00009,  125.0,  0.014,
0800210001, 021897, -00009,  175.0,  0.004,
0810210008, 031297, -00009,    5.0,  0.038,
0810210007, 031297, -00009,   25.0,  0.039,
0810210006, 031297, -00009,   45.0,  0.037,
0810210005, 031297, -00009,   75.0,  0.012,
0810210004, 031297, -00009,  100.0,  0.031,
0810210003, 031297, -00009,  125.0,  0.005,
0810210002, 031297, -00009,  150.0,  0.003,
0820210008, 040997, -00009,    5.0,  0.012,
0820210007, 040997, -00009,   25.0,  0.015,
0820210006, 040997, -00009,   45.0,  0.026,
0820210005, 040997, -00009,   75.0,  0.018,
0820210004, 040997, -00009,  100.0,  0.014,
0820210003, 040997, -00009,  125.0,  0.002,
0820210002, 040997, -00009,  150.0,  0.000,
0820210001, 040997, -00009,  175.0,  0.001,
0830210008, 050797, -00009,    5.0,  0.009,
0830210007, 050797, -00009,   25.0,  0.009,
0830210006, 050797, -00009,   45.0,  0.006,
0830210005, 050797, -00009,   75.0,  0.006,
0830210004, 050797, -00009,  100.0,  0.012,
0830210003, 050797, -00009,  125.0,  0.013,
0830210002, 050797, -00009,  150.0,  0.003,
0830210001, 050797, -00009,  175.0,  0.001,
0840210008, 060497, -00009,    5.0,  0.004,
0840210007, 060497, -00009,   25.0,  0.009,
0840210006, 060497, -00009,   45.0,  0.011,
0840210005, 060497, -00009,   75.0,  0.012,
0840210004, 060497, -00009,  100.0,  0.012,
0840210003, 060497, -00009,  125.0,  0.020,
0840210002, 060497, -00009,  150.0,  0.006,
0840210001, 060497, -00009,  175.0,  0.000,
0850210008, 070997, -00009,    5.0,  0.008,
0850210007, 070997, -00009,   25.0,  0.006,
0850210006, 070997, -00009,   45.0,  0.003,
0850210005, 070997, -00009,   75.0,  0.008,
0850210004, 070997, -00009,  100.0,  0.009,
0850210003, 070997, -00009,  125.0,  0.010,
0850210002, 070997, -00009,  150.0,  0.003,
0860210008, 080297, -00009,    5.0,  0.011,
0860210007, 080297, -00009,   25.0,  0.001,
0860210006, 080297, -00009,   45.0,  0.010,
0860210005, 080297, -00009,   75.0,  0.011,
0860210004, 080297, -00009,  100.0,  0.012,
0860210003, 080297, -00009,  125.0,  0.013,
0860210002, 080297, -00009,  150.0,  0.008,
0860210001, 080297, -00009,  175.0,  0.003,
0870210008, 092597, -00009,    5.0,  0.007,
0870210007, 092597, -00009,   25.0,  0.007,
0870210006, 092597, -00009,   45.0,  0.008,
0870210005, 092597, -00009,   75.0,  0.010,
0870210004, 092597, -00009,  100.0,  0.008,
0870210003, 092597, -00009,  125.0,  0.016,
0870210002, 092597, -00009,  150.0,  0.007,
0890210008, 011198, -00009,    5.0,  0.008,
0890210007, 011198, -00009,   25.0,  0.012,
0890210006, 011198, -00009,   45.0,  0.011,
0890210005, 011198, -00009,   75.0,  0.005,
0890210004, 011198, -00009,  100.0,  0.011,
0890210003, 011198, -00009,  125.0,  0.007,
0890210002, 011198, -00009,  150.0,  0.001,
0890210001, 011198, -00009,  175.0,  0.002,
0900210008, 021998, -00009,    5.0,  0.011,
0900210007, 021998, -00009,   25.0,  0.011,
0900210006, 021998, -00009,   45.0,  0.009,
0900210005, 021998, -00009,   75.0,  0.011,
0900210004, 021998, -00009,  100.0,  0.024,
0900210003, 021998, -00009,  125.0,  0.006,
0910210008, 031898, -00009,    5.0,  0.005,
0910210007, 031898, -00009,   25.0,  0.009,
0910210006, 031898, -00009,   45.0,  0.009,
0910210005, 031898, -00009,   75.0,  0.012,
0910210004, 031898, -00009,  100.0,  0.024,
0910210003, 031898, -00009,  125.0,  0.018,
0910210002, 031898, -00009,  150.0,  0.012,
0910210001, 031898, -00009,  175.0,  0.008,
0920210008, 041598, -00009,    5.0,  0.011,
0920210007, 041598, -00009,   25.0,  0.005,
0920210006, 041598, -00009,   45.0,  0.006,
0920210005, 041598, -00009,   75.0,  0.008,
0920210004, 041598, -00009,  100.0,  0.023,
0920210003, 041598, -00009,  125.0,  0.013,
0920210002, 041598, -00009,  150.0,  0.004,
0930210008, 051398, -00009,    5.0,  0.006,
0930210007, 051398, -00009,   25.0,  0.007,
0930210006, 051398, -00009,   45.0,  0.005,
0930210005, 051398, -00009,   75.0,  0.004,
0930210004, 051398, -00009,  100.0,  0.001,
0930210003, 051398, -00009,  125.0,  0.007,
0930210002, 051398, -00009,  150.0,  0.003,
0930210001, 051398, -00009,  175.0,  0.002,
0940210008, 061798, -00009,    5.0,  0.007,
0940210007, 061798, -00009,   25.0,  0.007,
0940210006, 061798, -00009,   45.0,  0.009,
0940210005, 061798, -00009,   75.0,  0.005,
0940210004, 061798, -00009,  100.0,  0.004,
0940210003, 061798, -00009,  125.0,  0.009,
0940210002, 061798, -00009,  150.0,  0.002,
0940210001, 061798, -00009,  175.0,  0.001,
0950210008, 071598, -00009,    5.0,  0.012,
0950210007, 071598, -00009,   25.0,  0.012,
0950210006, 071598, -00009,   45.0,  0.012,
0950210005, 071598, -00009,   75.0,  0.006,
0950210004, 071598, -00009,  100.0,  0.006,
0950210003, 071598, -00009,  125.0,  0.007,
0950210002, 071598, -00009,  150.0,  0.002,
0950210001, 071598, -00009,  175.0,  0.001,
0960210008, 081098, -00009,    5.0,  0.004,
0960210007, 081098, -00009,   25.0,  0.004,
0960210006, 081098, -00009,   45.0,  0.004,
0960210005, 081098, -00009,   75.0,  0.004,
0960210004, 081098, -00009,  100.0,  0.014,
0960210003, 081098, -00009,  125.0,  0.009,
0960210002, 081098, -00009,  150.0,  0.003,
0960210001, 081098, -00009,  175.0,  0.005,
0970210008, 092898, -00009,    5.0,  0.003,
0970210007, 092898, -00009,   25.0,  0.004,
0970210006, 092898, -00009,   45.0,  0.004,
0970210005, 092898, -00009,   75.0,  0.004,
0970210004, 092898, -00009,  100.0,  0.004,
0970210003, 092898, -00009,  125.0,  0.015,
0970210002, 092898, -00009,  150.0,  0.002,
0970210001, 092898, -00009,  175.0,  0.002,
0980200712, 101998, 105751,    5.7,  0.026,
0980200711, 101998, 105634,   25.1,  0.011,
0980200710, 101998, 105522,   45.5,  0.016,
0980200709, 101998, 105351,   75.4,  0.018,
0980200708, 101998, 105231,  100.3,  0.040,
0980200707, 101998, 105121,  125.4,  0.023,
0980200706, 101998, 105003,  150.0,  0.024,
0980200705, 101998, 104730,  175.3,  0.008,
0980210008, 101998, -00009,    5.0,  0.002,
0980210007, 101998, -00009,   25.0,  0.003,
0980210006, 101998, -00009,   45.0,  0.003,
0980210005, 101998, -00009,   75.0,  0.002,
0980210004, 101998, -00009,  100.0,  0.006,
0980210003, 101998, -00009,  125.0,  0.010,
0980210002, 101998, -00009,  150.0,  0.006,
0980210001, 101998, -00009,  175.0,  0.003,
0990200810, 111198, 125241,    5.0,  0.007,
0990200809, 111198, 125045,   24.6,  0.021,
0990200808, 111198, 124930,   43.9,  0.009,
0990200807, 111198, 124745,   75.2,  0.006,
0990200806, 111198, 124615,  100.2,  0.035,
0990200805, 111198, 124448,  125.1,  0.008,
0990200804, 111198, 124320,  149.7,  0.005,
0990210008, 111198, -00009,    5.0,  0.001,
0990210007, 111198, -00009,   25.0,  0.001,
0990210006, 111198, -00009,   45.0,  0.002,
0990210005, 111198, -00009,   75.0,  0.003,
0990210004, 111198, -00009,  100.0,  0.016,
0990210003, 111198, -00009,  125.0,  0.004,
0990210002, 111198, -00009,  150.0,  0.001,
1000210008, 120998, -00009,    5.0,  0.004,
1000210007, 120998, -00009,   25.0,  0.005,
1000210006, 120998, -00009,   45.0,  0.006,
1000210005, 120998, -00009,   75.0,  0.003,
1000210004, 120998, -00009,  100.0,  0.008,
1000210003, 120998, -00009,  125.0,  0.008,
1010200721, 011399, 130114,    4.4,  0.013,
1010200720, 011399, 125947,   25.7,  0.016,
1010200718, 011399, 125757,   46.2,  0.016,
1010200716, 011399, 125547,   75.9,  0.019,
1010200714, 011399, 125407,  100.6,  0.040,
1010200712, 011399, 125147,  125.4,  0.016,
1010200710, 011399, 124912,  150.2,  0.002,
1010200709, 011399, 124742,  175.6,  0.003,
1010210008, 011399, -00009,    5.0,  0.014,
1010210007, 011399, -00009,   25.0,  0.009,
1010210006, 011399, -00009,   45.0,  0.013,
1010210005, 011399, -00009,   75.0,  0.013,
1010210004, 011399, -00009,  100.0,  0.009,
1010210003, 011399, -00009,  125.0,  0.008,
1010210002, 011399, -00009,  150.0,  0.006,
1020210008, 021899, -00009,    5.0,  0.013,
1020210007, 021899, -00009,   25.0,  0.011,
1020210006, 021899, -00009,   45.0,  0.009,
1020210005, 021899, -00009,   75.0,  0.005,
1020210004, 021899, -00009,  100.0,  0.003,
1020210003, 021899, -00009,  125.0,  0.000,
1020210001, 021899, -00009,  175.0,  0.000,
1030210008, 031799, -00009,    5.0,  0.010,
1030210007, 031799, -00009,   25.0,  0.014,
1030210006, 031799, -00009,   45.0,  0.016,
1030210005, 031799, -00009,   75.0,  0.014,
1030210004, 031799, -00009,  100.0,  0.004,
1030210003, 031799, -00009,  125.0,  0.001,
1030210002, 031799, -00009,  150.0,  0.003,
1030210001, 031799, -00009,  175.0,  0.002,
1040210008, 041499, -00009,    5.0,  0.008,
1040210007, 041499, -00009,   25.0,  0.007,
1040210006, 041499, -00009,   45.0,  0.009,
1040210005, 041499, -00009,   75.0,  0.006,
1040210004, 041499, -00009,  100.0,  0.008,
1040210003, 041499, -00009,  125.0,  0.003,
1040210002, 041499, -00009,  150.0,  0.010,
1050210008, 051099, -00009,    5.0,  0.012,
1050210007, 051099, -00009,   25.0,  0.012,
1050210006, 051099, -00009,   45.0,  0.010,
1050210005, 051099, -00009,   75.0,  0.011,
1050210004, 051099, -00009,  100.0,  0.013,
1050210003, 051099, -00009,  125.0,  0.012,
1060210008, 071499, -00009,    5.0,  0.012,
1060210007, 071499, -00009,   25.0,  0.007,
1060210006, 071499, -00009,   45.0,  0.013,
1060210005, 071499, -00009,   75.0,  0.009,
1060210004, 071499, -00009,  100.0,  0.005,
1060210003, 071499, -00009,  125.0,  0.002,
1060210002, 071499, -00009,  150.0,  0.002,
1060210001, 071499, -00009,  175.0,  0.002,
1070210008, 081499, -00009,    5.0,  0.008,
1070210007, 081499, -00009,   25.0,  0.007,
1070210006, 081499, -00009,   45.0,  0.009,
1070210005, 081499, -00009,   75.0,  0.010,
1070210004, 081499, -00009,  100.0,  0.019,
1070210003, 081499, -00009,  125.0,  0.005,
1070210002, 081499, -00009,  150.0,  0.001,
1080210008, 101599, -00009,    5.0,  0.004,
1080210007, 101599, -00009,   25.0,  0.006,
1080210006, 101599, -00009,   45.0,  0.006,
1080210005, 101599, -00009,   75.0,  0.002,
1080210004, 101599, -00009,  100.0,  0.003,
1080210003, 101599, -00009,  125.0,  0.001,
1080210002, 101599, -00009,  150.0,  0.002,
1090210008, 110999, -00009,    5.0,  0.007,
1090210007, 110999, -00009,   25.0,  0.006,
1090210006, 110999, -00009,   45.0,  0.006,
1090210005, 110999, -00009,   75.0,  0.006,
1090210004, 110999, -00009,  100.0,  0.006,
1090210003, 110999, -00009,  125.0,  0.003,
1090210002, 110999, -00009,  150.0,  0.001,
1100210008, 121599, -00009,    5.0,  0.006,
1100210007, 121599, -00009,   25.0,  0.007,
1100210006, 121599, -00009,   45.0,  0.006,
1100210005, 121599, -00009,   75.0,  0.005,
1100210004, 121599, -00009,  100.0,  0.004,
1100210003, 121599, -00009,  125.0,  0.001,
1100210002, 121599, -00009,  150.0,  0.000,
1100210001, 121599, -00009,  175.0,  0.001,
1110210008, 020300, -00009,    5.0,  0.005,
1110210007, 020300, -00009,   25.0,  0.003,
1110210006, 020300, -00009,   45.0,  0.003,
1110210005, 020300, -00009,   75.0,  0.005,
1110210004, 020300, -00009,  100.0,  0.004,
1110210003, 020300, -00009,  125.0,  0.000,
1110210002, 020300, -00009,  150.0,  0.001,
1110210001, 020300, -00009,  175.0,  0.000,
1120210008, 030100, -00009,    5.0,  0.010,
1120210007, 030100, -00009,   25.0,  0.009,
1120210006, 030100, -00009,   45.0,  0.025,
1120210005, 030100, -00009,   75.0,  0.009,
1120210004, 030100, -00009,  100.0,  0.010,
1120210003, 030100, -00009,  125.0,  0.003,
1120210002, 030100, -00009,  150.0,  0.000,
1120210001, 030100, -00009,  175.0,  0.001,
1130210008, 032900, -00009,    5.0,  0.036,
1130210007, 032900, -00009,   25.0,  0.029,
1130210006, 032900, -00009,   45.0,  0.032,
1130210005, 032900, -00009,   75.0,  0.029,
1130210004, 032900, -00009,  100.0,  0.007,
1130210003, 032900, -00009,  125.0,  0.015,
1130210002, 032900, -00009,  150.0,  0.001,
1130210001, 032900, -00009,  175.0,  0.001,
1140210008, 042600, -00009,    5.0,  0.012,
1140210007, 042600, -00009,   25.0,  0.020,
1140210006, 042600, -00009,   45.0,  0.014,
1140210005, 042600, -00009,   75.0,  0.021,
1140210004, 042600, -00009,  100.0,  0.015,
1140210003, 042600, -00009,  125.0,  0.002,
1140210002, 042600, -00009,  150.0,  0.005,
1140210001, 042600, -00009,  175.0,  0.004,
1150201119, 052500, 105112,    5.2,  0.010,
1150201117, 052500, 104943,   24.7,  0.011,
1150201115, 052500, 104805,   45.0,  0.004,
1150201113, 052500, 104621,   74.5,  0.011,
1150201111, 052500, 104447,   99.1,  0.010,
1150201109, 052500, 104259,  125.1,  0.008,
1150201107, 052500, 104122,  150.3,  0.009,
1150201105, 052500, 103940,  175.3,  0.004,
1160200917, 062100, 134841,    5.0,  0.008,
1160200915, 062100, 134730,   24.6,  0.009,
1160200913, 062100, 134620,   45.4,  0.009,
1160200911, 062100, 134455,   75.6,  0.009,
1160200909, 062100, 134350,   99.7,  0.008,
1160200907, 062100, 134246,  124.9,  0.012,
1160200905, 062100, 134130,  149.8,  0.005,
1160200903, 062100, 134020,  174.5,  0.001,
1160210007, 062100, -00009,   25.0,  0.008,
1160210006, 062100, -00009,   45.0,  0.006,
1170200723, 072600, 135350,    4.6,  0.007,
1170200721, 072600, 135211,   24.8,  0.006,
1170200719, 072600, 135101,   44.3,  0.010,
1170200717, 072600, 134921,   74.2,  0.008,
1170200716, 072600, 134815,  100.0,  0.005,
1170200713, 072600, 134640,  125.5,  0.013,
1170200711, 072600, 134521,  149.3,  0.004,
1170200709, 072600, 134406,  173.9,  0.003,
1170210007, 072600, -00009,   25.0,  0.007,
1170210006, 072600, -00009,   45.0,  0.010,
1180200910, 082300, 124916,    4.9,  0.006,
1180200909, 082300, 124754,   25.0,  0.005,
1180200908, 082300, 124645,   44.9,  0.006,
1180200907, 082300, 124524,   74.1,  0.007,
1180200906, 082300, 124409,   98.8,  0.008,
1180200905, 082300, 124250,  125.1,  0.007,
1180200904, 082300, 124101,  149.5,  0.003,
1180200903, 082300, 123937,  177.1,  0.000,
1180210007, 082300, -00009,   25.0,  0.010,
1180210006, 082300, -00009,   45.0,  0.005,
1190200922, 101800, 155159,    4.6,  0.003,
1190200921, 101800, 155149,    4.6,  0.003,
1190200920, 101800, 155139,    4.7,  0.003,
1190200919, 101800, 155029,   24.9,  0.005,
1190200918, 101800, 155019,   24.9,  0.005,
1190200917, 101800, 155009,   24.9,  0.004,
1190200916, 101800, 154908,   45.0,  0.006,
1190200915, 101800, 154859,   45.0,  0.005,
1190200914, 101800, 154848,   45.0,  0.004,
1190200913, 101800, 154739,   74.3,  0.003,
1190200912, 101800, 154728,   74.2,  0.008,
1190200911, 101800, 154719,   74.1,  0.008,
1190200910, 101800, 154559,   98.9,  0.007,
1190200909, 101800, 154549,   98.9,  0.006,
1190200908, 101800, 154539,   98.9,  0.008,
1190200907, 101800, 154424,  125.4,  0.002,
1190200906, 101800, 154414,  125.4,  0.003,
1190200905, 101800, 154404,  125.3,  0.001,
1190200904, 101800, 154249,  147.9,  0.002,
1190200903, 101800, 154129,  176.2,  0.000,
1200200822, 113000, 125224,    4.8,  0.007,
1200200821, 113000, 125214,    4.7,  0.008,
1200200820, 113000, 125205,    4.7,  0.007,
1200200819, 113000, 125042,   25.2,  0.009,
1200200818, 113000, 125028,   25.1,  0.007,
1200200817, 113000, 125014,   25.1,  0.009,
1200200816, 113000, 124851,   45.0,  0.009,
1200200815, 113000, 124834,   45.0,  0.007,
1200200814, 113000, 124820,   44.9,  0.007,
1200200813, 113000, 124657,   74.3,  0.022,
1200200812, 113000, 124641,   74.2,  0.022,
1200200811, 113000, 124625,   74.4,  0.021,
1200200810, 113000, 124501,   98.8,  0.009,
1200200809, 113000, 124447,   99.2,  0.010,
1200200808, 113000, 124430,   99.1,  0.009,
1200200807, 113000, 124259,  123.7,  0.005,
1200200806, 113000, 124245,  123.8,  0.008,
1200200805, 113000, 124232,  123.9,  0.007,
1200200804, 113000, 124110,  149.0,  0.003,
1200200803, 113000, 123940,  171.8,  0.001,
1210200922, 122000, 130455,    5.2,  0.006,
1210200921, 122000, 130445,    5.2,  0.007,
1210200920, 122000, 130435,    5.0,  0.004,
1210200919, 122000, 130325,   24.4,  0.003,
1210200917, 122000, 130305,   24.3,  0.004,
1210200915, 122000, 130145,   43.2,  0.005,
1210200914, 122000, 130135,   43.1,  0.005,
1210200913, 122000, 130015,   73.4,  0.005,
1210200912, 122000, 130005,   73.6,  0.005,
1210200911, 122000, 125955,   73.7,  0.005,
1210200910, 122000, 125840,  101.4,  0.003,
1210200909, 122000, 125830,  101.0,  0.005,
1210200908, 122000, 125820,  100.4,  0.002,
1210200907, 122000, 125655,  121.0,  0.010,
1210200906, 122000, 125645,  121.1,  0.012,
1210200905, 122000, 125635,  122.2,  0.008,
1210200904, 122000, 125405,  150.4,  0.004,
1210200903, 122000, 125250,  174.5,  0.001,
1220200821, 011701, 125508,    3.8,  0.009,
1220200818, 011701, 125331,   23.5,  0.011,
1220200815, 011701, 125156,   44.0,  0.012,
1220200812, 011701, 125004,   73.3,  0.010,
1220200809, 011701, 124822,   99.7,  0.007,
1220200806, 011701, 124639,  123.6,  0.003,
1220200804, 011701, 124512,  148.0,  0.003,
1220200803, 011701, 124350,  174.8,  0.001,
1240200819, 032201, 005447,    3.9,  0.006,
1240200816, 032201, 005310,   23.8,  0.005,
1240200813, 032201, 005109,   44.0,  0.005,
1240200811, 032201, 004909,   75.7,  0.008,
1240200807, 032201, 004715,   98.9,  0.005,
1240200804, 032201, 004549,  123.7,  0.008,
1240200803, 032201, 004434,  148.4,  0.013,
1240200802, 032201, 004319,  173.7,  0.001,
1250200820, 041801, 124923,    3.9,  0.009,
1250200817, 041801, 124738,   23.6,  0.006,
1250200814, 041801, 124613,   43.3,  0.006,
1250200811, 041801, 124433,   73.8,  0.006,
1250200808, 041801, 124254,   98.7,  0.006,
1250200805, 041801, 124118,  123.4,  0.015,
1250200804, 041801, 124003,  148.7,  0.009,
1250200803, 041801, 123843,  173.0,  0.004,
1260200920, 051701, 125327,    4.8,  0.010,
1260200917, 051701, 125126,   24.7,  0.010,
1260200914, 051701, 124924,   44.8,  0.007,
1260200911, 051701, 124732,   74.5,  0.006,
1260200908, 051701, 124535,   98.8,  0.008,
1260200905, 051701, 124344,  124.1,  0.018,
1260200904, 051701, 124227,  150.3,  0.009,
1260200903, 051701, 123936,  176.9,  0.004,
1270200821, 061401, 125609,    4.0,  0.009,
1270200818, 061401, 125407,   23.5,  0.011,
1270200815, 061401, 125207,   44.1,  0.011,
1270200812, 061401, 125014,   73.4,  0.024,
1270200809, 061401, 124827,   99.3,  0.007,
1270200806, 061401, 124631,  122.6,  0.017,
1270200804, 061401, 124447,  148.7,  0.008,
1270200803, 061401, 124320,  173.7,  0.004,
1280200721, 071101, 124728,    4.3,  0.010,
1280200718, 071101, 124538,   23.7,  0.011,
1280200715, 071101, 124401,   44.9,  0.015,
1280200712, 071101, 124232,   73.8,  0.010,
1280200709, 071101, 124051,  100.3,  0.010,
1280200706, 071101, 123927,  124.0,  0.007,
1280200704, 071101, 123811,  148.7,  0.003,
1280200703, 071101, 123701,  175.1,  0.001,
1290200921, 080801, 125027,    4.7,  0.010,
1290200918, 080801, 124845,   24.9,  0.010,
1290200915, 080801, 124637,   44.7,  0.007,
1290200912, 080801, 124449,   76.0,  0.010,
1290200909, 080801, 124320,   99.1,  0.021,
1290200906, 080801, 124145,  124.9,  0.007,
1290200904, 080801, 124020,  149.0,  0.002,
1290200903, 080801, 123854,  176.4,  0.000,
1300200821, 100201, 125523,    4.8,  0.007,
1300200818, 100201, 125358,   25.8,  0.009,
1300200815, 100201, 125228,   45.2,  0.007,
1300200812, 100201, 125058,   74.1,  0.008,
1300200809, 100201, 124923,  100.9,  0.013,
1300200806, 100201, 124748,  124.6,  0.014,
1300200804, 100201, 124608,  149.8,  0.005,
1300200803, 100201, 124458,  175.3,  0.002,
1310200821, 102301, 125230,    4.8,  0.010,
1310200818, 102301, 125011,   24.6,  0.011,
1310200815, 102301, 124830,   45.2,  0.018,
1310200812, 102301, 124630,   75.3,  0.011,
1310200809, 102301, 124445,  100.3,  0.009,
1310200806, 102301, 124220,  124.7,  0.006,
1310200804, 102301, 124032,  150.4,  0.003,
1310200803, 102301, 123906,  174.5,  0.001,
1320200821, 111701, 124837,    4.2,  0.014,
1320200818, 111701, 124657,   24.4,  0.013,
1320200815, 111701, 124527,   44.2,  0.018,
1320200812, 111701, 124347,   74.5,  0.017,
1320200809, 111701, 124207,   99.4,  0.009,
1320200806, 111701, 124037,  124.5,  0.004,
1320200804, 111701, 123917,  148.5,  0.000,
1320200803, 111701, 123747,  174.0,  0.000,
1330200320, 121501, 122246,    4.2,  0.011,
1330200318, 121501, 122056,   24.1,  0.012,
1330200315, 121501, 121801,   43.6,  0.017,
1330200314, 121501, 121629,   57.8,  0.015,
1330200313, 121501, 121456,   75.5,  0.014,
1330200312, 121501, 121326,   84.1,  0.013,
1330200311, 121501, 121156,   98.1,  0.019,
1330200310, 121501, 121025,  114.6,  0.008,
1330200308, 121501, 120906,  123.8,  0.005,
1330200307, 121501, 120751,  134.4,  0.002,
1330200305, 121501, 120606,  150.6,  0.001,
1330200303, 121501, 120411,  174.3,  0.000,
1340200821, 011602, 125125,    4.4,  0.013,
1340200817, 011602, 124925,   23.6,  0.013,
1340200814, 011602, 124725,   44.5,  0.015,
1340200811, 011602, 124526,   74.1,  0.018,
1340200808, 011602, 124351,   98.8,  0.011,
1340200805, 011602, 124206,  124.4,  0.009,
1340200804, 011602, 124049,  150.3,  0.002,
1340200803, 011602, 123926,  176.3,  0.001,
1350200820, 022102, 125750,    4.0,  0.009,
1350200817, 022102, 125550,   24.3,  0.011,
1350200814, 022102, 125350,   44.7,  0.013,
1350200811, 022102, 125150,   74.0,  0.013,
1350200808, 022102, 124950,  100.7,  0.016,
1350200805, 022102, 124750,  125.6,  0.003,
1350200804, 022102, 124623,  148.6,  0.001,
1350200803, 022102, 124458,  177.9,  0.002,
1360200921, 031302, 125118,    4.1,  0.018,
1360200917, 031302, 124927,   24.2,  0.021,
1360200914, 031302, 124747,   44.0,  0.018,
1360200911, 031302, 124558,   74.5,  0.015,
1360200908, 031302, 124411,   98.1,  0.021,
1360200905, 031302, 124228,  123.7,  0.013,
1360200904, 031302, 124055,  150.5,  0.012,
1360200903, 031302, 123908,  174.4,  0.008,
1370200821, 052102, 125616,    4.1,  0.005,
1370200818, 052102, 125415,   24.0,  0.006,
1370200815, 052102, 125215,   43.5,  0.008,
1370200811, 052102, 125000,   73.6,  0.006,
1370200808, 052102, 124759,   99.0,  0.009,
1370200805, 052102, 124619,  124.1,  0.014,
1370200804, 052102, 124459,  149.2,  0.006,
1370200803, 052102, 124339,  175.8,  0.002,
1380200518, 063002, 015712,    4.0,  0.005,
1380200515, 063002, 015502,   24.2,  0.009,
1380200513, 063002, 015302,   44.3,  0.008,
1380200511, 063002, 015042,   74.6,  0.013,
1380200509, 063002, 014827,  100.3,  0.017,
1380200507, 063002, 014617,  124.2,  0.008,
1380200506, 063002, 014501,  148.7,  0.004,
1380200504, 063002, 014244,  174.7,  0.001,
1390200822, 082802, 133519,    4.3,  0.011,
1390200819, 082802, 133319,   25.1,  0.010,
1390200816, 082802, 133119,   45.0,  0.012,
1390200813, 082802, 132905,   75.7,  0.014,
1390200810, 082802, 132650,  100.7,  0.008,
1390200806, 082802, 132429,  123.9,  0.009,
1390200804, 082802, 132230,  150.8,  0.010,
1390200803, 082802, 132049,  175.7,  0.002,
1410200820, 110402, 130317,    4.7,  0.007,
1410200817, 110402, 130142,   25.0,  0.012,
1410200816, 110402, 130036,   45.1,  0.007,
1410200814, 110402, 130017,   45.2,  0.035,
1410200811, 110402, 125807,   75.4,  0.016,
1410200808, 110402, 125636,   99.5,  0.010,
1410200805, 110402, 125441,  126.2,  0.004,
1410200804, 110402, 125312,  149.5,  0.002,
1410200803, 110402, 125136,  175.3,  0.000,
1420200820, 112502, 151249,    4.9,  0.005,
1420200817, 112502, 151050,   25.3,  0.005,
1420200814, 112502, 150919,   44.5,  0.012,
1420200811, 112502, 150728,   74.9,  0.010,
1420200808, 112502, 150529,  100.7,  0.007,
1420200805, 112502, 150309,  126.4,  0.004,
1420200804, 112502, 150133,  150.9,  0.002,
1420200803, 112502, 145959,  175.2,  0.000,
1430200822, 121902, 125459,    3.5,  0.009,
1430200817, 121902, 125310,   25.0,  0.007,
1430200814, 121902, 125037,   45.5,  0.012,
1430200811, 121902, 124818,   75.7,  0.010,
1430200808, 121902, 124618,   99.1,  0.009,
1430200805, 121902, 124408,  125.3,  0.006,
1430200804, 121902, 124233,  151.5,  0.002,
1430200803, 121902, 124048,  173.2,  0.002,
1440200720, 011703, 125807,    4.1,  0.014,
1440200717, 011703, 125627,   24.4,  0.015,
1440200714, 011703, 125507,   45.0,  0.015,
1440200711, 011703, 125328,   74.4,  0.025,
1440200708, 011703, 125157,   99.7,  0.016,
1440200705, 011703, 125027,  124.8,  0.008,
1440200704, 011703, 124917,  150.3,  0.004,
1440200703, 011703, 124757,  175.2,  0.001,
1450200820, 022603, 125258,    4.2,  0.016,
1450200817, 022603, 125117,   24.0,  0.018,
1450200814, 022603, 124947,   45.5,  0.016,
1450200811, 022603, 124756,   74.2,  0.018,
1450200808, 022603, 124612,   99.2,  0.014,
1450200805, 022603, 124427,  126.6,  0.023,
1450200804, 022603, 124247,  152.8,  0.010,
1450200803, 022603, 124117,  172.6,  0.005,
1460200820, 032903, 130438,    9.6,  0.017,
1460200818, 032903, 130317,   24.6,  0.018,
1460200814, 032903, 130107,   45.2,  0.015,
1460200811, 032903, 125848,   74.1,  0.020,
1460200808, 032903, 125652,  101.5,  0.016,
1460200805, 032903, 125437,  125.5,  0.022,
1460200804, 032903, 125302,  151.7,  0.006,
1460200803, 032903, 125102,  174.9,  0.001,
1470200819, 042403, 125608,    4.3,  0.010,
1470200816, 042403, 125408,   23.8,  0.012,
1470200813, 042403, 125218,   44.5,  0.008,
1470200810, 042403, 125043,   74.5,  0.018,
1470200807, 042403, 124908,   99.2,  0.022,
1470200805, 042403, 124723,  124.6,  0.028,
1470200804, 042403, 124613,  148.8,  0.011,
1470200803, 042403, 124443,  177.2,  0.005,
1480200821, 052103, 125346,    5.0,  0.017,
1480200817, 052103, 125156,   24.4,  0.016,
1480200814, 052103, 124947,   44.6,  0.024,
1480200811, 052103, 124806,   74.4,  0.021,
1480200808, 052103, 124556,  100.3,  0.042,
1480200805, 052103, 124406,  123.9,  0.018,
1480200804, 052103, 124241,  149.9,  0.005,
1480200803, 052103, 124117,  175.0,  0.000,
1490200820, 062003, 125110,    4.7,  0.009,
1490200819, 062003, 124919,   23.4,  0.012,
1490200814, 062003, 124649,   44.6,  0.010,
1490200811, 062003, 124405,   74.4,  0.018,
1490200808, 062003, 124149,   99.2,  0.020,
1490200805, 062003, 123919,  124.3,  0.016,
1490200804, 062003, 123734,  148.6,  0.007,
1490200803, 062003, 123519,  176.1,  0.003,
1500200822, 072003, 132548,    4.9,  0.009,
1500200817, 072003, 132308,   24.2,  0.007,
1500200814, 072003, 132034,   45.5,  0.011,
1500200811, 072003, 131848,   75.1,  0.011,
1500200808, 072003, 131709,   99.9,  0.009,
1500200805, 072003, 131528,  125.2,  0.014,
1500200804, 072003, 131418,  149.8,  0.010,
1500200803, 072003, 131248,  175.4,  0.002,
1510200821, 082103, 125227,    5.5,  0.013,
1510200819, 082103, 125023,   25.7,  0.017,
1510200815, 082103, 124831,   44.1,  0.014,
1510200812, 082103, 124641,   74.0,  0.015,
1510200809, 082103, 124452,  101.0,  0.012,
1510200806, 082103, 124254,  129.6,  0.014,
1510200804, 082103, 124117,  147.8,  0.007,
1510200803, 082103, 124016,  173.9,  0.002,
1520200820, 101503, 131041,    4.5,  0.009,
1520200817, 101503, 130827,   26.9,  0.009,
1520200814, 101503, 130606,   45.0,  0.009,
1520200811, 101503, 130346,   74.6,  0.010,
1520200808, 101503, 125924,  100.5,  0.013,
1520200805, 101503, 125657,  123.7,  0.011,
1520200804, 101503, 125507,  149.1,  0.002,
1520200803, 101503, 125308,  177.3,  0.001,
1530200821, 111003, 131835,   10.5,  0.010,
1530200818, 111003, 131135,   25.5,  0.017,
1530200815, 111003, 130948,   45.5,  0.008,
1530200812, 111003, 130749,   75.4,  0.015,
1530200809, 111003, 130534,  103.6,  0.010,
1530200806, 111003, 130334,  129.3,  0.013,
1530200804, 111003, 130204,  144.9,  0.007,
1530200803, 111003, 130019,  176.3,  0.001,
1540200721, 122003, 131510,   10.0,  0.013,
1540200719, 122003, 131210,   25.1,  0.014,
1540200716, 122003, 131051,   45.4,  0.009,
1540200712, 122003, 130912,   74.5,  0.010,
1540200709, 122003, 130731,  100.6,  0.017,
1540200706, 122003, 130556,  125.7,  0.013,
1540200704, 122003, 130440,  149.0,  0.004,
1540200703, 122003, 130315,  179.8,  0.000,
1560200818, 022504, 125308,   25.1,  0.009,
1560200815, 022504, 125143,   43.7,  0.019,
1560200812, 022504, 124958,   74.4,  0.009,
1560200809, 022504, 124814,   97.9,  0.019,
1560200806, 022504, 124624,  123.6,  0.002,
1560200804, 022504, 124454,  149.9,  0.001,
1560200803, 022504, 124349,  177.0,  0.001,
1570200821, 032004, 125850,    6.7,  0.016,
1570200818, 032004, 125710,   24.4,  0.014,
1570200815, 032004, 125510,   44.8,  0.028,
1570200812, 032004, 125330,   73.9,  0.022,
1570200809, 032004, 125150,  100.0,  0.028,
1570200806, 032004, 125010,  123.8,  0.016,
1570200804, 032004, 124839,  148.7,  0.005,
1570200803, 032004, 124710,  174.5,  0.004,
1580200821, 042104, 125129,    3.9,  0.012,
1580200818, 042104, 124939,   23.1,  0.009,
1580200815, 042104, 124719,   44.0,  0.010,
1580200812, 042104, 124519,   73.4,  0.014,
1580200809, 042104, 124330,   98.5,  0.015,
1580200806, 042104, 124124,  123.6,  0.013,
1580200804, 042104, 123944,  148.3,  0.005,
1580200803, 042104, 123759,  174.1,  0.002,
1590200820, 051904, 125103,    4.7,  0.010,
1590200817, 051904, 124939,   24.2,  0.009,
1590200814, 051904, 124748,   44.5,  0.012,
1590200811, 051904, 124609,   74.3,  0.013,
1590200808, 051904, 124429,   99.1,  0.011,
1590200805, 051904, 124239,  124.6,  0.021,
1590200804, 051904, 124134,  149.5,  0.007,
1590200803, 051904, 124014,  174.8,  0.002,
1600200921, 061604, 125229,    4.0,  0.010,
1600200918, 061604, 125035,   24.3,  0.012,
1600200915, 061604, 124849,   44.3,  0.020,
1600200912, 061604, 124659,   74.3,  0.012,
1600200909, 061604, 124449,   99.5,  0.016,
1600200906, 061604, 124300,  124.4,  0.011,
1600200904, 061604, 124139,  149.2,  0.005,
1600200903, 061604, 124020,  174.8,  0.002,
1620201221, 081704, 124702,    5.2,  0.010,
1620201218, 081704, 124542,   24.6,  0.009,
1620201215, 081704, 124412,   45.6,  0.030,
1620201212, 081704, 124232,   74.6,  0.013,
1620201209, 081704, 124047,   99.1,  0.033,
1620201206, 081704, 123857,  124.4,  0.009,
1620201204, 081704, 123732,  149.3,  0.004,
1620201203, 081704, 123618,  175.0,  0.001,
1630200921, 092904, 125207,    4.8,  0.009,
1630200918, 092904, 125013,   24.8,  0.014,
1630200915, 092904, 124823,   44.3,  0.035,
1630200912, 092904, 124548,   73.9,  0.023,
1630200909, 092904, 124358,   99.6,  0.010,
1630200906, 092904, 124223,  125.6,  0.009,
1630200904, 092904, 124108,  149.3,  0.006,
1630200903, 092904, 124002,  175.5,  0.002,
1640200821, 103104, 130038,    5.0,  0.010,
1640200818, 103104, 125828,   25.4,  0.010,
1640200815, 103104, 125618,   46.5,  0.012,
1640200812, 103104, 125348,   74.7,  0.009,
1640200809, 103104, 125119,   99.5,  0.016,
1640200806, 103104, 124825,  125.6,  0.013,
1640200804, 103104, 124625,  150.0,  0.006,
1640200803, 103104, 124440,  176.4,  0.002,
1650200923, 112804, 125719,    4.8,  0.008,
1650200919, 112804, 125519,   25.0,  0.009,
1650200917, 112804, 125353,   44.9,  0.017,
1650200913, 112804, 125144,   76.1,  0.012,
1650200909, 112804, 124951,   99.3,  0.014,
1650200906, 112804, 124750,  124.6,  0.009,
1650200904, 112804, 124606,  150.0,  0.003,
1650200903, 112804, 124434,  175.7,  0.000,
1660201021, 122104, 125522,    5.1,  0.019,
1660201018, 122104, 125343,   24.3,  0.020,
1660201015, 122104, 125130,   44.9,  0.026,
1660201012, 122104, 124942,   76.1,  0.031,
1660201009, 122104, 124800,  100.6,  0.019,
1660201006, 122104, 124549,  124.8,  0.003,
1660201004, 122104, 124415,  150.1,  0.000,
1660201003, 122104, 124242,  176.9,  0.000,
1670200920, 020205, 130418,    5.0,  0.007,
1670200917, 020205, 130228,   25.1,  0.014,
1670200914, 020205, 130049,   44.9,  0.025,
1670200911, 020205, 125848,   74.5,  0.013,
1670200908, 020205, 125708,  100.3,  0.005,
1670200905, 020205, 125528,  125.0,  0.004,
1670200904, 020205, 125348,  151.0,  0.000,
1670200903, 020205, 125218,  174.7,  0.000,
1680200920, 030505, 125609,    5.5,  0.013,
1680200917, 030505, 125417,   25.1,  0.015,
1680200914, 030505, 125209,   44.4,  0.018,
1680200911, 030505, 125014,   75.0,  0.016,
1680200908, 030505, 124831,   99.6,  0.014,
1680200905, 030505, 124619,  125.3,  0.007,
1680200904, 030505, 124450,  150.0,  0.002,
1680200903, 030505, 124314,  173.9,  0.000,
1690201420, 051905, 130027,   13.4,  0.010,
1690201417, 051905, 125813,   25.9,  0.010,
1690201414, 051905, 125552,   43.2,  0.010,
1690201411, 051905, 125328,   75.9,  0.008,
1690201408, 051905, 125054,   99.8,  0.008,
1690201405, 051905, 124751,  124.4,  0.015,
1690201404, 051905, 124547,  149.7,  0.006,
1690201403, 051905, 124326,  175.0,  0.006,
1700200920, 061505, 135709,   13.5,  0.013,
1700200917, 061505, 135459,   24.9,  0.013,
1700200914, 061505, 135305,   43.7,  0.016,
1700200911, 061505, 135109,   75.2,  0.011,
1700200908, 061505, 134930,   99.5,  0.034,
1700200905, 061505, 134730,  125.1,  0.013,
1700200904, 061505, 134435,  149.8,  0.002,
1700200903, 061505, 134250,  175.5,  0.002,
1710201020, 071705, 132434,    4.9,  0.007,
1710201017, 071705, 132234,   25.4,  0.006,
1710201014, 071705, 132030,   45.3,  0.007,
1710201011, 071705, 131734,   75.0,  0.009,
1710201008, 071705, 131510,  100.6,  0.009,
1710201005, 071705, 131251,  125.0,  0.021,
1710201004, 071705, 131103,  150.1,  0.009,
1710201003, 071705, 130854,  174.8,  0.002,
1720200920, 081405, 125321,    4.8,  0.008,
1720200917, 081405, 125131,   24.9,  0.008,
1720200914, 081405, 124952,   45.5,  0.005,
1720200911, 081405, 124801,   75.3,  0.008,
1720200908, 081405, 124616,  100.1,  0.005,
1720200905, 081405, 124427,  125.1,  0.007,
1720200904, 081405, 124257,  150.1,  0.008,
1720200903, 081405, 124132,  175.8,  0.004,
1730200921, 091005, 132340,    5.7,  0.004,
1730200918, 091005, 132214,   23.9,  0.007,
1730200914, 091005, 131934,   44.8,  0.008,
1730200911, 091005, 131800,   76.1,  0.005,
1730200908, 091005, 131619,   98.1,  0.009,
1730200905, 091005, 131504,  123.5,  0.004,
1730200904, 091005, 131403,  149.4,  0.003,
1730200903, 091005, 131259,  174.3,  0.002,
1740201420, 100905, 130533,    8.0,  0.007,
1740201417, 100905, 130233,   25.2,  0.005,
1740201414, 100905, 130053,   45.8,  0.006,
1740201411, 100905, 125903,   75.3,  0.007,
1740201408, 100905, 125738,  100.2,  0.013,
1740201405, 100905, 125603,  125.4,  0.009,
1740201404, 100905, 125443,  151.3,  0.003,
1740201403, 100905, 125302,  174.1,  0.001,
1750201021, 111205, 134034,    9.2,  0.009,
1750201018, 111205, 133734,   24.5,  0.008,
1750201015, 111205, 133544,   43.5,  0.009,
1750201012, 111205, 133259,   73.6,  0.008,
1750201008, 111205, 133019,   99.0,  0.015,
1750201005, 111205, 132804,  123.8,  0.010,
1750201004, 111205, 132619,  148.8,  0.005,
1750201003, 111205, 132418,  174.7,  0.004,
1760200920, 121305, 125600,    5.0,  0.007,
1760200917, 121305, 125334,   25.2,  0.006,
1760200914, 121305, 125146,   44.5,  0.008,
1760200911, 121305, 124942,   75.8,  0.005,
1760200908, 121305, 124734,  100.8,  0.009,
1760200905, 121305, 124556,  125.1,  0.011,
1760200904, 121305, 124420,  149.2,  0.006,
1760200903, 121305, 124244,  178.7,  0.002,
1770200320, 012506, 132448,    7.7,  0.013,
1770200317, 012506, 132157,   24.7,  0.014,
1770200314, 012506, 131959,   46.9,  0.012,
1770200311, 012506, 131758,   74.8,  0.013,
1770200308, 012506, 131559,  100.4,  0.013,
1770200305, 012506, 131408,  125.2,  0.016,
1770200304, 012506, 131220,  149.8,  0.010,
1770200303, 012506, 131018,  175.7,  0.003,
1780200920, 021506, 131134,   10.3,  0.013,
1780200917, 021506, 130904,   24.6,  0.013,
1780200914, 021506, 130739,   45.3,  0.013,
1780200911, 021506, 130604,   73.9,  0.020,
1780200909, 021506, 130447,  100.4,  0.008,
1780200906, 021506, 130306,  125.3,  0.003,
1780200904, 021506, 130144,  149.8,  0.001,
1780200903, 021506, 130019,  177.0,  0.001,
1790201220, 031006, 131146,    5.4,  0.017,
1790201217, 031006, 130949,   24.5,  0.014,
1790201214, 031006, 130803,   46.2,  0.013,
1790201211, 031006, 130627,   75.5,  0.017,
1790201208, 031006, 130505,   99.7,  0.009,
1790201205, 031006, 130340,  123.1,  0.009,
1790201204, 031006, 130218,  150.0,  0.007,
1790201203, 031006, 130033,  173.6,  0.002,
1800200920, 040206, 130244,    6.2,  0.010,
1800200917, 040206, 125949,   25.5,  0.009,
1800200914, 040206, 125800,   45.0,  0.006,
1800200911, 040206, 125554,   75.6,  0.022,
1800200908, 040206, 125353,  100.5,  0.021,
1800200905, 040206, 125204,  124.3,  0.008,
1800200904, 040206, 125035,  149.7,  0.003,
1800200903, 040206, 124844,  176.3,  0.002,
1810201022, 052706, 131051,    7.3,  0.009,
1810201019, 052706, 130801,   26.5,  0.008,
1810201016, 052706, 130621,   46.4,  0.010,
1810201013, 052706, 130451,   76.3,  0.023,
1810201010, 052706, 130321,  101.2,  0.025,
1810201007, 052706, 130139,  124.6,  0.012,
1810201006, 052706, 125950,  150.4,  0.005,
1810201005, 052706, 125745,  176.2,  0.002,
1820200822, 061406, 153316,    8.2,  0.009,
1820200819, 061406, 152904,   25.0,  0.009,
1820200816, 061406, 152730,   46.0,  0.010,
1820200813, 061406, 152544,   76.1,  0.009,
1820200810, 061406, 152349,  100.9,  0.010,
1820200807, 061406, 152205,  124.9,  0.019,
1820200806, 061406, 152039,  150.9,  0.010,
1820200805, 061406, 151919,  176.6,  0.001,
1830201022, 071306, 132414,    6.9,  0.008,
1830201019, 071306, 132054,   26.3,  0.033,
1830201016, 071306, 131839,   45.4,  0.017,
1830201013, 071306, 131634,   75.0,  0.010,
1830201010, 071306, 131411,  100.7,  0.011,
1830201007, 071306, 131159,  125.5,  0.005,
1830201006, 071306, 130929,  149.8,  0.002,
1830201005, 071306, 130714,  174.5,  0.002,
1840200922, 080906, 103440,    7.5,  0.000,
1840200919, 080906, 103026,   25.8,  0.001,
1840200916, 080906, 102548,   60.0,  0.001,
1840200913, 080906, 102140,   89.8,  0.001,
1840200910, 080906, 101740,  115.0,  0.002,
1840200907, 080906, 101245,  150.5,  0.001,
1840200906, 080906, 101111,  164.5,  0.001,
1840200905, 080906, 100950,  174.8,  0.000,
1850200920, 091606, 125620,    6.3,  0.004,
1850200917, 091606, 125435,   26.3,  0.003,
1850200914, 091606, 125242,   46.1,  0.010,
1850200911, 091606, 124927,   75.6,  0.012,
1850200908, 091606, 124725,  100.8,  0.010,
1850200905, 091606, 124537,  125.3,  0.013,
1850200904, 091606, 124409,  150.4,  0.005,
1850200903, 091606, 124235,  175.7,  0.001,
1860201820, 102106, 130025,    8.7,  0.003,
1860201817, 102106, 125740,   25.3,  0.003,
1860201814, 102106, 125526,   45.1,  0.001,
1860201811, 102106, 125331,   74.5,  0.001,
1860201808, 102106, 125040,  101.4,  0.007,
1860201805, 102106, 124840,  126.0,  0.009,
1860201804, 102106, 124650,  151.6,  0.007,
1860201803, 102106, 124511,  173.6,  0.002,
1870200920, 110906, 130815,    6.9,  0.005,
1870200917, 110906, 130440,   25.0,  0.008,
1870200914, 110906, 130251,   45.5,  0.007,
1870200911, 110906, 130049,   76.1,  0.005,
1870200908, 110906, 125909,  100.8,  0.009,
1870200905, 110906, 125749,  124.8,  0.012,
1870200904, 110906, 125615,  150.1,  0.003,
1870200903, 110906, 125420,  175.0,  0.001,
1880200920, 121006, 125550,    9.0,  0.006,
1880200917, 121006, 125308,   23.7,  0.005,
1880200914, 121006, 125121,   44.6,  0.005,
1880200911, 121006, 124922,   75.0,  0.004,
1880200908, 121006, 124750,  101.0,  0.011,
1880200905, 121006, 124551,  125.7,  0.007,
1880200903, 121006, 124249,  175.6,  0.001,
1890201020, 020707, 125931,    5.1,  0.010,
1890201017, 020707, 125714,   24.6,  0.006,
1890201014, 020707, 125535,   45.2,  0.008,
1890201011, 020707, 125345,   75.5,  0.009,
1890201008, 020707, 125154,  100.8,  0.008,
1890201005, 020707, 124948,  123.4,  0.001,
1890201004, 020707, 124747,  149.0,  0.000,
1890201003, 020707, 124540,  174.7,  0.000,
1900201020, 032107, 125949,    4.4,  0.008,
1900201017, 032107, 125729,   25.0,  0.008,
1900201011, 032107, 125211,   75.1,  0.017,
1900201008, 032107, 125011,   99.7,  0.034,
1900201005, 032107, 124736,  124.2,  0.004,
1900201004, 032107, 124441,  149.7,  0.002,
1900201003, 032107, 124251,  174.1,  0.000,
1910201020, 050507, 125830,    7.4,  0.013,
1910201017, 050507, 125611,   25.9,  0.012,
1910201014, 050507, 125341,   44.5,  0.013,
1910201011, 050507, 125152,   75.3,  0.011,
1910201008, 050507, 124941,  100.2,  0.009,
1910201005, 050507, 124702,  125.3,  0.015,
1910201004, 050507, 124520,  149.6,  0.008,
1910201003, 050507, 124343,  174.5,  0.002,
1930200722, 070807, 130548,    6.8,  0.005,
1930200717, 070807, 130253,   24.8,  0.007,
1930200714, 070807, 125957,   45.3,  0.008,
1930200711, 070807, 125648,   75.9,  0.006,
1930200708, 070807, 125428,   99.8,  0.010,
1930200705, 070807, 125208,  124.8,  0.009,
1930200704, 070807, 124958,  149.7,  0.004,
1930200703, 070807, 124757,  175.0,  0.002,
1940200920, 080407, 130743,    7.9,  0.005,
1940200917, 080407, 130443,   25.2,  0.006,
1940200914, 080407, 130118,   44.9,  0.004,
1940200911, 080407, 125802,   75.9,  0.004,
1940200908, 080407, 125528,  100.1,  0.003,
1940200905, 080407, 125313,  125.4,  0.007,
1940200904, 080407, 125041,  149.9,  0.011,
1940200903, 080407, 124838,  175.3,  0.005,
1950200920, 090307, 130649,    6.6,  0.005,
1950200917, 090307, 130404,   25.8,  0.004,
1950200914, 090307, 130159,   46.0,  0.004,
1950200911, 090307, 125829,   75.9,  0.006,
1950200908, 090307, 125554,  100.5,  0.007,
1950200905, 090307, 125344,  125.4,  0.011,
1950200904, 090307, 125110,  150.5,  0.002,
1950200903, 090307, 124909,  176.0,  0.002,
1960200222, 100207, 131053,    4.5,  0.007,
1960200217, 100207, 130838,   24.8,  0.005,
1960200214, 100207, 130723,   44.3,  0.012,
1960200211, 100207, 130553,   75.7,  0.006,
1960200208, 100207, 130429,   99.0,  0.005,
1960200205, 100207, 130304,  126.0,  0.011,
1960200204, 100207, 130143,  149.7,  0.003,
1960200203, 100207, 130019,  176.9,  0.001,
1970200220, 120107, 131549,    8.8,  0.009,
1970200217, 120107, 131413,   24.7,  0.008,
1970200214, 120107, 130959,   44.9,  0.007,
1970200211, 120107, 130823,   74.9,  0.010,
1970200208, 120107, 130629,   99.4,  0.024,
1970200205, 120107, 130439,  126.3,  0.006,
1980200222, 122007, 121559,    5.8,  0.023,
1980200217, 122007, 121059,   24.0,  0.022,
1980200214, 122007, 120920,   45.8,  0.026,
1980200211, 122007, 120733,   76.0,  0.029,
1980200208, 122007, 120544,  101.1,  0.029,
1980200205, 122007, 120340,  123.1,  0.010,
1980200204, 122007, 120225,  149.2,  0.002,
1980200203, 122007, 120114,  175.1,  0.001,
1990200222, 012908, 134548,    5.8,  0.018,
1990200217, 012908, 133955,   24.5,  0.016,
1990200214, 012908, 133806,   45.7,  0.017,
1990200211, 012908, 133607,   74.5,  0.014,
1990200208, 012908, 133346,   99.7,  0.018,
1990200205, 012908, 133136,  124.2,  0.000,
1990200204, 012908, 132926,  150.5,  0.002,
1990200203, 012908, 132707,  177.2,  0.000,
2000200222, 022308, 132209,    7.4,  0.015,
2000200217, 022308, 131709,   27.8,  0.016,
2000200214, 022308, 131453,   46.4,  0.012,
2000200211, 022308, 131221,   76.6,  0.009,
2000200205, 022308, 130723,  126.3,  0.009,
2000200204, 022308, 130508,  151.7,  0.003,
2000200203, 022308, 130310,  176.6,  0.001,
2010200222, 052708, 123058,    7.5,  0.035,
2010200218, 052708, 122805,   26.1,  0.021,
2010200215, 052708, 122537,   46.0,  0.012,
2010200212, 052708, 122328,   75.6,  0.015,
2010200209, 052708, 122124,  101.1,  0.006,
2010200206, 052708, 121929,  125.6,  0.003,
2010200205, 052708, 121738,  150.0,  0.008,
2010200204, 052708, 121554,  175.6,  0.003,
2020200222, 062508, 124016,    9.2,  0.013,
2020200218, 062508, 123622,   24.6,  0.009,
2020200215, 062508, 123401,   44.1,  0.009,
2020200212, 062508, 123136,   74.2,  0.011,
2020200209, 062508, 122926,   99.2,  0.007,
2020200205, 062508, 122701,  124.3,  0.021,
2020200204, 062508, 122516,  149.5,  0.007,
2020200203, 062508, 122318,  174.0,  0.001,
2030200222, 072608, 134946,    8.4,  0.007,
2030200218, 072608, 134648,   25.3,  0.005,
2030200215, 072608, 134444,   44.7,  0.009,
2030200212, 072608, 134229,   75.0,  0.009,
2030200209, 072608, 134010,  100.9,  0.005,
2030200205, 072608, 133740,  125.3,  0.011,
2030200204, 072608, 133523,  150.0,  0.004,
2030200203, 072608, 133327,  176.1,  0.001,
2040200222, 081608, 122916,    6.2,  0.007,
2040200218, 081608, 122541,   24.9,  0.008,
2040200215, 081608, 122330,   43.7,  0.012,
2040200212, 081608, 122027,   74.3,  0.009,
2040200209, 081608, 121757,  100.1,  0.015,
2040200205, 081608, 121512,  125.6,  0.007,
2040200204, 081608, 121247,  150.2,  0.003,
2040200203, 081608, 121012,  174.3,  0.001,
2050200222, 101008, 122046,    6.0,  0.010,
2050200217, 101008, 121736,   24.5,  0.008,
2050200214, 101008, 121546,   44.2,  0.008,
2050200211, 101008, 121345,   74.3,  0.009,
2050200208, 101008, 121200,   99.2,  0.015,
2050200205, 101008, 121011,  124.1,  0.009,
2050200204, 101008, 120841,  148.9,  0.003,
2050200203, 101008, 120711,  174.0,  0.001,
2060200222, 113008, 134658,   10.1,  0.010,
2060200218, 113008, 134258,   22.3,  0.010,
2060200215, 113008, 134124,   43.3,  0.009,
2060200212, 113008, 133918,   76.7,  0.010,
2060200209, 113008, 133719,  100.2,  0.009,
2060200205, 113008, 133537,  121.8,  0.016,
2060200204, 113008, 133357,  147.5,  0.004,
2060200203, 113008, 133157,  175.0,  0.001,
2080200222, 012009, 132948,    6.6,  0.012,
2080200218, 012009, 132623,   24.6,  0.011,
2080200215, 012009, 132432,   45.3,  0.009,
2080200212, 012009, 132244,   74.4,  0.014,
2080200209, 012009, 132047,   99.6,  0.012,
2080200205, 012009, 131842,  125.3,  0.009,
2080200204, 012009, 131707,  150.4,  0.005,
2080200203, 012009, 131532,  175.0,  0.000,
2090200222, 021709, 130227,    6.7,  0.011,
2090200218, 021709, 125947,   24.8,  0.010,
2090200215, 021709, 125757,   45.4,  0.009,
2090200212, 021709, 125557,   74.9,  0.010,
2090200209, 021709, 125407,  100.0,  0.023,
2090200205, 021709, 125147,  126.0,  0.010,
2090200204, 021709, 125037,  150.0,  0.003,
2090200203, 021709, 124927,  173.9,  0.001,
2100200222, 042809, 123028,    5.0,  0.014,
2100200218, 042809, 122742,   25.0,  0.013,
2100200215, 042809, 122457,   44.7,  0.016,
2100200212, 042809, 122144,   75.0,  0.016,
2100200209, 042809, 121927,   99.8,  0.024,
2100200205, 042809, 121630,  125.1,  0.011,
2100200204, 042809, 121412,  150.1,  0.004,
2100200203, 042809, 121217,  175.2,  0.001,
2110200120, 052709, 134033,    7.2,  0.007,
2110200117, 052709, 133909,   27.1,  0.009,
2110200114, 052709, 133754,   47.0,  0.007,
2110200111, 052709, 133548,   76.9,  0.007,
2110200108, 052709, 133400,  101.9,  0.007,
2110200105, 052709, 133228,  126.7,  0.017,
2110200104, 052709, 132928,  151.7,  0.007,
2110200103, 052709, 132823,  176.8,  0.003,
2120200222, 070309, 130851,    8.2,  0.006,
2120200219, 070309, 130531,   25.1,  0.008,
2120200216, 070309, 130347,   44.7,  0.011,
2120200213, 070309, 130140,   74.4,  0.012,
2120200210, 070309, 125906,  100.1,  0.009,
2120200207, 070309, 125547,  125.9,  0.020,
2120200204, 070309, 125221,  150.1,  0.007,
2120200203, 070309, 124959,  175.3,  0.004,
2130200220, 072409, 132508,    7.6,  0.007,
2130200217, 072409, 132139,   24.9,  0.009,
2130200214, 072409, 131943,   45.1,  0.009,
2130200211, 072409, 131734,   75.4,  0.013,
2130200208, 072409, 131538,   99.9,  0.008,
2130200205, 072409, 131348,  124.9,  0.008,
2130200202, 072409, 131138,  150.2,  0.004,
2130200201, 072409, 131003,  175.3,  0.001,
2140200220, 081809, 130728,    8.3,  0.008,
2140200217, 081809, 130328,   24.5,  0.007,
2140200214, 081809, 130057,   46.1,  0.008,
2140200211, 081809, 125828,   75.0,  0.008,
2140200208, 081809, 125612,  100.7,  0.007,
2140200205, 081809, 125339,  124.4,  0.007,
2140200204, 081809, 125053,  151.3,  0.007,
2140200203, 081809, 124834,  176.0,  0.003,
2150200218, 092409, 134950,    5.4,  0.006,
2150200215, 092409, 134744,   25.1,  0.007,
2150200212, 092409, 134509,   44.6,  0.008,
2150200209, 092409, 134300,   74.7,  0.010,
2150200206, 092409, 133959,   99.8,  0.021,
2150200203, 092409, 133812,  125.2,  0.008,
2150200202, 092409, 133632,  150.2,  0.003,
2150200201, 092409, 133249,  176.7,  0.002,
2160200219, 110309, 141950,    4.6,  0.012,
2160200215, 110309, 141744,   24.0,  0.009,
2160200212, 110309, 141554,   44.7,  0.009,
2160200209, 110309, 141354,   75.2,  0.009,
2160200206, 110309, 141159,   99.4,  0.021,
2160200203, 110309, 140949,  127.0,  0.009,
2160200202, 110309, 140819,  149.6,  0.003,
2160200201, 110309, 140639,  171.4,  0.001,
2170200220, 120909, 131327,    4.7,  0.009,
2170200217, 120909, 131207,   24.4,  0.009,
2170200214, 120909, 131051,   44.3,  0.013,
2170200211, 120909, 130926,   75.0,  0.008,
2170200208, 120909, 130757,   99.9,  0.011,
2170200205, 120909, 130636,  126.5,  0.008,
2170200204, 120909, 130517,  151.6,  0.004,
2170200203, 120909, 130411,  175.5,  0.000,
2190200522, 031010, 183350,    4.7,  0.013,
2190200519, 031010, 183121,   25.5,  0.013,
2190200517, 031010, 182852,   45.6,  0.009,
2190200515, 031010, 182621,   75.3,  0.012,
2190200512, 031010, 182306,  101.3,  0.015,
2190200509, 031010, 181952,  125.4,  0.011,
2190200507, 031010, 181706,  150.8,  0.003,
2190200505, 031010, 181441,  172.8,  0.001,
2200200219, 040610, 134244,    4.7,  0.006,
2200200216, 040610, 134108,   25.3,  0.007,
2200200213, 040610, 133918,   44.1,  0.007,
2200200210, 040610, 133708,   77.4,  0.008,
2200200207, 040610, 133508,   98.5,  0.008,
2200200204, 040610, 133315,  123.3,  0.011,
2200200202, 040610, 133147,  150.0,  0.003,
2200200201, 040610, 133019,  174.2,  0.001,
2210200221, 051810, 124205,    5.0,  0.011,
2210200218, 051810, 124008,   23.1,  0.011,
2210200215, 051810, 123717,   44.4,  0.012,
2210200212, 051810, 123452,   74.4,  0.009,
2210200209, 051810, 123240,  100.4,  0.023,
2210200206, 051810, 123023,  125.1,  0.006,
2210200204, 051810, 122828,  150.2,  0.007,
2210200203, 051810, 122652,  176.4,  0.003,
2220200221, 060810, 121823,    5.5,  0.007,
2220200218, 060810, 121633,   25.1,  0.006,
2220200214, 060810, 121428,   44.6,  0.010,
2220200211, 060810, 121228,   75.4,  0.008,
2220200209, 060810, 121010,  100.1,  0.007,
2220200206, 060810, 120808,  127.3,  0.017,
2220200204, 060810, 120542,  147.8,  0.014,
2220200203, 060810, 120348,  180.0,  0.004,
2230200221, 070810, 125620,    5.8,  0.004,
2230200218, 070810, 125132,   25.7,  0.005,
2230200215, 070810, 124843,   46.2,  0.006,
2230200212, 070810, 124531,   75.4,  0.008,
2230200209, 070810, 124211,  100.5,  0.005,
2230200206, 070810, 123831,  125.7,  0.011,
2230200204, 070810, 123556,  150.6,  0.009,
2230200203, 070810, 123246,  175.0,  0.003,
2240200220, 080710, 122246,    6.0,  0.005,
2240200217, 080710, 121914,   24.9,  0.007,
2240200214, 080710, 121643,   45.1,  0.007,
2240200211, 080710, 121359,   75.4,  0.004,
2240200208, 080710, 121117,  100.2,  0.005,
2240200205, 080710, 120848,  125.1,  0.008,
2240200204, 080710, 120503,  151.2,  0.011,
2240200203, 080710, 120243,  176.2,  0.005,
2250200220, 090310, 123611,    6.6,  0.005,
2250200217, 090310, 123307,   25.0,  0.005,
2250200214, 090310, 123049,   45.0,  0.006,
2250200211, 090310, 122817,   75.3,  0.010,
2250200208, 090310, 122539,  100.3,  0.015,
2250200205, 090310, 122309,  124.5,  0.011,
2250200204, 090310, 122104,  149.9,  0.006,
2250200203, 090310, 121908,  176.9,  0.001,
2260200220, 100310, 120503,    5.7,  0.007,
2260200217, 100310, 120223,   24.5,  0.010,
2260200214, 100310, 115929,   45.5,  0.011,
2260200211, 100310, 115619,   76.0,  0.008,
2260200208, 100310, 115323,  100.8,  0.015,
2260200205, 100310, 115038,  126.0,  0.008,
2260200204, 100310, 114823,  150.2,  0.003,
2260200203, 100310, 114608,  175.3,  0.001,
2270200320, 112110, 125609,    5.7,  0.007,
2270200317, 112110, 125420,   25.2,  0.007,
2270200314, 112110, 125243,   45.0,  0.007,
2270200311, 112110, 125042,   75.2,  0.005,
2270200308, 112110, 124853,  100.3,  0.013,
2270200305, 112110, 124706,  125.6,  0.014,
2270200304, 112110, 124553,  150.2,  0.003,
2270200303, 112110, 124425,  175.3,  0.002,
2280200218, 010911, 145322,    6.7,  0.009,
2280200215, 010911, 145137,   26.6,  0.011,
2280200212, 010911, 144959,   46.2,  0.010,
2280200209, 010911, 144810,   76.6,  0.010,
2280200207, 010911, 144612,  101.6,  0.015,
2280200203, 010911, 144400,  125.5,  0.009,
2280200202, 010911, 144222,  149.6,  0.002,
2280200201, 010911, 144049,  175.1,  0.001,
2290200920, 012911, 130525,    6.7,  0.012,
2290200917, 012911, 130206,   24.9,  0.011,
2290200914, 012911, 130001,   45.8,  0.011,
2290200911, 012911, 125715,   74.9,  0.012,
2290200908, 012911, 125506,  100.0,  0.013,
2290200905, 012911, 125238,  124.5,  0.011,
2290200904, 012911, 125013,  150.4,  0.003,
2290200903, 012911, 124754,  176.1,  0.000,
2300200220, 022811, 123009,    6.8,  0.008,
2300200217, 022811, 122724,   24.8,  0.010,
2300200214, 022811, 122528,   46.3,  0.009,
2300200208, 022811, 122108,  100.7,  0.018,
2300200205, 022811, 121904,  125.7,  0.022,
2300200204, 022811, 121725,  150.4,  0.004,
2300200203, 022811, 121541,  175.1,  0.001,
2310200220, 041111, 134640,    4.6,  0.008,
2310200217, 041111, 134318,   25.4,  0.010,
2310200214, 041111, 134108,   45.5,  0.008,
2310200211, 041111, 133821,   75.0,  0.008,
2310200208, 041111, 133521,  102.5,  0.007,
2310200206, 041111, 133326,  125.1,  0.008,
2310200204, 041111, 133121,  150.3,  0.004,
2310200203, 041111, 132910,  175.9,  0.002,
2320200218, 050911, 141518,    5.9,  0.006,
2320200215, 050911, 141331,   24.1,  0.006,
2320200212, 050911, 141204,   44.0,  0.008,
2320200209, 050911, 141018,   74.2,  0.006,
2320200206, 050911, 140837,   99.4,  0.003,
2320200203, 050911, 140631,  123.9,  0.003,
2320200202, 050911, 140457,  149.6,  0.006,
2320200201, 050911, 140335,  175.5,  0.002,
2330200218, 071911, 111425,    5.7,  0.011,
2330200215, 071911, 111203,   24.5,  0.011,
2330200212, 071911, 111018,   44.6,  0.009,
2330200209, 071911, 110808,   74.7,  0.011,
2330200206, 071911, 110614,   99.8,  0.008,
2330200203, 071911, 110418,  124.1,  0.014,
2330200202, 071911, 110219,  149.5,  0.014,
2330200201, 071911, 110013,  174.7,  0.003,
2340200820, 083111, 132511,    5.6,  0.008,
2340200817, 083111, 132303,   25.7,  0.006,
2340200814, 083111, 132112,   45.6,  0.005,
2340200811, 083111, 131900,   74.8,  0.006,
2340200808, 083111, 131652,   99.7,  0.016,
2340200805, 083111, 131437,  124.9,  0.007,
2340200804, 083111, 131257,  149.6,  0.003,
2340200803, 083111, 131121,  173.7,  0.001,
2350200620, 092711, 132937,    5.8,  0.006,
2350200617, 092711, 132638,   25.7,  0.006,
2350200614, 092711, 132427,   45.3,  0.008,
2350200611, 092711, 132139,   75.9,  0.008,
2350200608, 092711, 131917,  100.9,  0.008,
2350200605, 092711, 131650,  125.5,  0.016,
2350200604, 092711, 131451,  150.4,  0.006,
2350200603, 092711, 131252,  175.9,  0.002,
2360200222, 110411, 133817,    5.7,  0.009,
2360200219, 110411, 133622,   26.0,  0.010,
2360200216, 110411, 133412,   47.1,  0.010,
2360200213, 110411, 133136,   78.5,  0.029,
2360200210, 110411, 132922,   99.9,  0.025,
2360200207, 110411, 132640,  126.7,  0.007,
2360200206, 110411, 132504,  152.8,  0.004,
2360200205, 110411, 132323,  181.0,  0.001,
2370200620, 112911, 145306,    5.6,  0.019,
2370200617, 112911, 145125,   24.8,  0.017,
2370200614, 112911, 144936,   45.5,  0.017,
2370200611, 112911, 144719,   74.2,  0.018,
2370200608, 112911, 144526,   99.6,  0.016,
2370200605, 112911, 144322,  124.1,  0.010,
2370200604, 112911, 144148,  149.4,  0.006,
2370200603, 112911, 144015,  175.6,  0.001,
2380200822, 122011, 121234,    5.6,  0.014,
2380200817, 122011, 121014,   24.9,  0.017,
2380200814, 122011, 120834,   44.8,  0.014,
2380200811, 122011, 120614,   73.8,  0.011,
2380200808, 122011, 120424,   99.4,  0.009,
2380200806, 122011, 120250,  124.0,  0.004,
2380200804, 122011, 120124,  149.8,  0.003,
2380200803, 122011, 115959,  174.1,  0.000,
2390200222, 011812, 133111,    5.6,  0.009,
2390200219, 011812, 132921,   25.8,  0.011,
2390200216, 011812, 132742,   44.4,  0.009,
2390200213, 011812, 132538,   75.7,  0.010,
2390200210, 011812, 132334,  100.2,  0.007,
2390200207, 011812, 132103,  127.5,  0.011,
2390200206, 011812, 131904,  151.8,  0.002,
2390200205, 011812, 131652,  175.2,  0.001,
2410200120, 050112, 121104,    5.7,  0.011,
2410200117, 050112, 120934,   23.9,  0.010,
2410200114, 050112, 120809,   46.1,  0.010,
2410200111, 050112, 120629,   78.2,  0.008,
2410200108, 050112, 120448,  101.1,  0.011,
2410200105, 050112, 120324,  125.5,  0.012,
2410200104, 050112, 120219,  148.8,  0.008,
2410200103, 050112, 120104,  172.8,  0.005,
2420200120, 053012, 123757,    4.5,  0.008,
2420200117, 053012, 123627,   24.4,  0.009,
2420200114, 053012, 123506,   45.6,  0.012,
2420200111, 053012, 123342,   73.8,  0.008,
2420200108, 053012, 123213,  100.9,  0.009,
2420200105, 053012, 123042,  123.9,  0.010,
2420200104, 053012, 122932,  148.9,  0.021,
2420200103, 053012, 122812,  177.2,  0.004,
2430200122, 062612, 131416,    5.0,  0.012,
2430200118, 062612, 131138,   24.8,  0.012,
2430200115, 062612, 130928,   45.4,  0.011,
2430200112, 062612, 130718,   75.1,  0.010,
2430200109, 062612, 130517,   99.5,  0.020,
2430200106, 062612, 130308,  125.2,  0.013,
2430200105, 062612, 130128,  149.6,  0.007,
2430200104, 062612, 125955,  174.7,  0.005,
2440200220, 073112, 131117,    6.7,  0.007,
2440200217, 073112, 130906,   24.4,  0.007,
2440200214, 073112, 130716,   45.4,  0.007,
2440200211, 073112, 130505,   75.7,  0.009,
2440200208, 073112, 130305,  100.3,  0.008,
2440200205, 073112, 130105,  124.6,  0.012,
2440200204, 073112, 125915,  150.3,  0.005,
2440200203, 073112, 125701,  175.8,  0.001,
2450200120, 081712, 125930,    5.2,  0.014,
2450200117, 081712, 125736,   24.7,  0.010,
2450200114, 081712, 125559,   45.4,  0.011,
2450200111, 081712, 125406,   75.3,  0.009,
2450200108, 081712, 125223,  100.3,  0.009,
2450200105, 081712, 125032,  126.3,  0.015,
2450200104, 081712, 124820,  150.4,  0.005,
2450200103, 081712, 124653,  175.7,  0.003,
2460200122, 091412, 125236,    5.5,  0.010,
2460200119, 091412, 125001,   24.6,  0.011,
2460200116, 091412, 124819,   45.5,  0.009,
2460200113, 091412, 124632,   75.3,  0.008,
2460200110, 091412, 124440,  100.5,  0.012,
2460200107, 091412, 124243,  124.5,  0.012,
2460200104, 091412, 124031,  149.9,  0.008,
2460200103, 091412, 123906,  174.9,  0.004,
2470200119, 100712, 122551,    5.6,  0.005,
2470200116, 100712, 122341,   25.2,  0.005,
2470200113, 100712, 122151,   45.3,  0.007,
2470200110, 100712, 121941,   75.4,  0.008,
2470200107, 100712, 121741,  100.2,  0.008,
2470200104, 100712, 121551,  125.5,  0.010,
2470200103, 100712, 121421,  150.1,  0.005,
2470200102, 100712, 121251,  174.6,  0.001,
2480200120, 120312, 130123,    5.9,  0.006,
2480200117, 120312, 125824,   25.5,  0.006,
2480200114, 120312, 125624,   44.3,  0.008,
2480200111, 120312, 125356,   75.4,  0.006,
2480200108, 120312, 125134,  100.1,  0.022,
2480200105, 120312, 124836,  124.8,  0.009,
2480200104, 120312, 124624,  150.9,  0.001,
2480200103, 120312, 124445,  176.2,  0.001,
2490200120, 021213, 131056,    7.9,  0.020,
2490200117, 021213, 130811,   25.4,  0.017,
2490200114, 021213, 130608,   45.6,  0.017,
2490200111, 021213, 130352,   75.1,  0.011,
2490200108, 021213, 130126,  100.0,  0.012,
2490200105, 021213, 125905,  124.3,  0.023,
2490200104, 021213, 125721,  150.0,  0.010,
2490200103, 021213, 125519,  175.2,  0.002,
2500200221, 030613, 130726,    6.4,  0.020,
2500200218, 030613, 130406,   25.2,  0.020,
2500200215, 030613, 130145,   45.2,  0.017,
2500200212, 030613, 125945,   76.4,  0.012,
2500200209, 030613, 125746,   99.5,  0.011,
2500200206, 030613, 125555,  124.9,  0.014,
2500200203, 030613, 125238,  176.5,  0.005,
2510200121, 040513, 125853,    5.3,  0.017,
2510200117, 040513, 125633,   25.4,  0.013,
2510200114, 040513, 125443,   45.9,  0.014,
2510200111, 040513, 125233,   75.7,  0.014,
2510200108, 040513, 125044,  100.0,  0.016,
2510200105, 040513, 124855,  125.2,  0.016,
2510200104, 040513, 124725,  149.0,  0.009,
2510200103, 040513, 124546,  174.2,  0.003,
2520200222, 051713, 140730,    7.3,  0.014,
2520200218, 051713, 140407,   25.0,  0.017,
2520200215, 051713, 140206,   45.3,  0.017,
2520200212, 051713, 135936,   75.5,  0.012,
2520200209, 051713, 135729,  100.4,  0.010,
2520200206, 051713, 135440,  124.8,  0.016,
2520200205, 051713, 135308,  149.8,  0.006,
2520200204, 051713, 135048,  175.6,  0.005,
2530200222, 062513, 132306,    8.0,  0.007,
2530200218, 062513, 132048,   25.9,  0.010,
2530200215, 062513, 131905,   45.1,  0.014,
2530200212, 062513, 131706,   76.1,  0.009,
2530200209, 062513, 131514,  101.8,  0.030,
2530200206, 062513, 131337,  125.7,  0.008,
2530200205, 062513, 131207,  149.9,  0.005,
2530200204, 062513, 131052,  175.5,  0.002,
2540200120, 091113, 130301,    6.8,  0.005,
2540200117, 091113, 130020,   25.4,  0.006,
2540200114, 091113, 125820,   45.2,  0.005,
2540200111, 091113, 125550,   75.6,  0.006,
2540200108, 091113, 125350,  101.3,  0.014,
2540200105, 091113, 125150,  125.8,  0.013,
2540200104, 091113, 125010,  151.2,  0.002,
2540200103, 091113, 124830,  175.5,  0.000,
2560200121, 102713, 125446,    7.7,  0.012,
2560200117, 102713, 125215,   25.4,  0.013,
2560200114, 102713, 125015,   45.7,  0.012,
2560200111, 102713, 124756,   75.5,  0.014,
2560200108, 102713, 124545,  100.2,  0.025,
2560200105, 102713, 124355,  124.8,  0.011,
2560200104, 102713, 124236,  151.0,  0.003,
2560200103, 102713, 124106,  175.6,  0.002,
2570200121, 112613, 130008,    7.6,  0.010,
2570200117, 112613, 125806,   25.2,  0.008,
2570200114, 112613, 125621,   45.7,  0.011,
2570200111, 112613, 125351,   74.3,  0.011,
2570200108, 112613, 125117,  100.7,  0.014,
2570200105, 112613, 124858,  126.3,  0.013,
2570200104, 112613, 124658,  150.6,  0.004,
2570200103, 112613, 124508,  175.6,  0.001,
2580200121, 122013, 131059,    7.5,  0.009,
2580200118, 122013, 130829,   25.2,  0.008,
2580200115, 122013, 130619,   45.6,  0.008,
2580200112, 122013, 130330,   74.8,  0.010,
2580200109, 122013, 130109,  100.5,  0.027,
2580200106, 122013, 125859,  125.6,  0.008,
2580200104, 122013, 125641,  149.5,  0.001,
2580200103, 122013, 125429,  174.3,  0.000,
2590200121, 011514, 131121,    6.3,  0.010,
2590200118, 011514, 130023,   23.8,  0.011,
2590200115, 011514, 125643,   45.9,  0.011,
2590200112, 011514, 125343,   75.9,  0.011,
2590200109, 011514, 125042,  101.1,  0.010,
2590200106, 011514, 124743,  126.2,  0.030,
2590200104, 011514, 124453,  150.8,  0.004,
2590200103, 011514, 124153,  175.4,  0.000,
2600200120, 021414, 133246,    7.8,  0.013,
2600200117, 021414, 133016,   26.2,  0.013,
2600200114, 021414, 132726,   44.2,  0.014,
2600200111, 021414, 132416,   74.9,  0.013,
2600200108, 021414, 132126,  100.4,  0.021,
2600200105, 021414, 131756,  125.4,  0.010,
2600200104, 021414, 131527,  151.1,  0.005,
2600200103, 021414, 131227,  174.7,  0.001,
2610200120, 030514, 132258,    7.0,  0.015,
2610200117, 030514, 132042,   24.8,  0.016,
2610200114, 030514, 131736,   46.4,  0.018,
2610200111, 030514, 131500,   75.5,  0.015,
2610200108, 030514, 131229,  100.5,  0.025,
2610200105, 030514, 131000,  124.2,  0.008,
2610200104, 030514, 130746,  150.7,  0.003,
2610200103, 030514, 130532,  174.5,  0.001,
2620200120, 041014, 131508,    4.5,  0.008,
2620200117, 041014, 131229,   23.9,  0.008,
2620200114, 041014, 131003,   45.0,  0.009,
2620200111, 041014, 130658,   72.8,  0.007,
2620200108, 041014, 130439,   99.2,  0.007,
2620200105, 041014, 130148,  124.8,  0.011,
2620200104, 041014, 125948,  149.1,  0.007,
2620200103, 041014, 125803,  175.0,  0.011,
2630200721, 060114, 130042,    5.4,  0.009,
2630200717, 060114, 125847,   24.7,  0.009,
2630200714, 060114, 125702,   44.8,  0.007,
2630200711, 060114, 125459,   75.4,  0.006,
2630200708, 060114, 125313,  100.2,  0.032,
2630200705, 060114, 125119,  125.6,  0.016,
2630200704, 060114, 125003,  149.4,  0.005,
2630200703, 060114, 124757,  174.4,  0.001,
2640200121, 063014, 125725,    5.1,  0.010,
2640200118, 063014, 125535,   24.9,  0.011,
2640200115, 063014, 125354,   45.2,  0.013,
2640200112, 063014, 125144,   75.7,  0.014,
2640200109, 063014, 124954,  100.0,  0.011,
2640200105, 063014, 124635,  124.4,  0.022,
2640200104, 063014, 124504,  150.1,  0.006,
2640200103, 063014, 124304,  175.0,  0.002,
2650200120, 091414, 130204,    7.7,  0.008,
2650200117, 091414, 125944,   25.6,  0.008,
2650200114, 091414, 125803,   45.1,  0.007,
2650200111, 091414, 125613,   75.3,  0.010,
2650200108, 091414, 125428,  100.2,  0.032,
2650200105, 091414, 125229,  125.1,  0.011,
2650200104, 091414, 125049,  150.1,  0.005,
2650200103, 091414, 124913,  174.5,  0.001,
2660200120, 101314, 130315,    8.0,  0.007,
2660200117, 101314, 130110,   24.9,  0.006,
2660200114, 101314, 125930,   45.8,  0.008,
2660200111, 101314, 125740,   74.1,  0.011,
2660200108, 101314, 125550,  100.3,  0.016,
2660200105, 101314, 125350,  124.6,  0.007,
2660200104, 101314, 125230,  150.8,  0.002,
2660200103, 101314, 125101,  175.5,  0.001,
2670200120, 112114, 125007,    6.9,  0.012,
2670200117, 112114, 124812,   25.4,  0.012,
2670200114, 112114, 124623,   44.7,  0.012,
2670200111, 112114, 124413,   74.4,  0.011,
2670200108, 112114, 124207,  100.4,  0.023,
2670200105, 112114, 124002,  125.4,  0.009,
2670200104, 112114, 123809,  150.3,  0.004,
2670200103, 112114, 123622,  175.9,  0.002,
2680200120, 121614, 130809,    7.4,  0.006,
2680200117, 121614, 130534,   25.1,  0.007,
2680200114, 121614, 130354,   44.5,  0.007,
2680200111, 121614, 130200,   75.3,  0.006,
2680200108, 121614, 130014,  100.6,  0.010,
2680200105, 121614, 125829,  125.5,  0.005,
2680200104, 121614, 125704,  149.2,  0.001,
2680200103, 121614, 125534,  175.5,  0.001,