botid, date, time, press, l12, 
#, mmddyy, hhmmss, dbar, mg C/m3, 
0440210008, 012093, -00009,    5.0,  4.280,
0440210007, 012093, -00009,   25.0,  5.497,
0440210006, 012093, -00009,   45.0,  5.097,
0440210005, 012093, -00009,   75.0,  2.347,
0440210004, 012093, -00009,  100.0,  0.950,
0440210003, 012093, -00009,  125.0,  0.260,
0440210002, 012093, -00009,  150.0,  0.127,
0440210001, 012093, -00009,  175.0,  0.050,
0450210008, 021793, -00009,    5.0,  6.387,
0450210007, 021793, -00009,   25.0,  4.363,
0450210006, 021793, -00009,   45.0,  4.157,
0450210005, 021793, -00009,   75.0,  0.467,
0450210004, 021793, -00009,  100.0,  1.073,
0450210003, 021793, -00009,  125.0,  0.307,
0450210002, 021793, -00009,  150.0,  0.093,
0450210001, 021793, -00009,  175.0,  0.033,
0460210008, 041593, -00009,    5.0,  6.140,
0460210007, 041593, -00009,   25.0,  5.443,
0460210006, 041593, -00009,   45.0,  4.773,
0460210005, 041593, -00009,   75.0,  3.320,
0460210004, 041593, -00009,  100.0,  3.710,
0460210003, 041593, -00009,  125.0,  0.183,
0460210002, 041593, -00009,  150.0,  0.187,
0460210001, 041593, -00009,  175.0,  0.167,
0470210008, 052093, -00009,    5.0,  7.253,
0470210007, 052093, -00009,   25.0,  7.590,
0470210006, 052093, -00009,   45.0,  6.603,
0470210005, 052093, -00009,   75.0,  5.680,
0470210004, 052093, -00009,  100.0,  2.443,
0470210003, 052093, -00009,  125.0,  1.323,
0470210002, 052093, -00009,  150.0,  0.363,
0470210001, 052093, -00009,  175.0,  0.147,
0490210008, 091493, -00009,    5.0,  7.967,
0490210007, 091493, -00009,   25.0,  7.527,
0490210006, 091493, -00009,   45.0,  5.297,
0490210005, 091493, -00009,   75.0,  3.050,
0490210004, 091493, -00009,  100.0,  1.253,
0490210003, 091493, -00009,  125.0,  0.480,
0490210002, 091493, -00009,  150.0,  0.243,
0490210001, 091493, -00009,  175.0,  0.213,
0500210008, 102993, -00009,    5.0,  3.687,
0500210007, 102993, -00009,   25.0,  2.710,
0500210006, 102993, -00009,   45.0,  1.780,
0500210005, 102993, -00009,   75.0,  1.203,
0500210004, 102993, -00009,  100.0,  0.930,
0500210003, 102993, -00009,  125.0,  0.227,
0500210002, 102993, -00009,  150.0,  0.090,
0500210001, 102993, -00009,  175.0,  0.037,
0510210008, 012094, -00009,    5.0,  4.913,
0510210007, 012094, -00009,   25.0,  4.917,
0510210006, 012094, -00009,   45.0,  2.827,
0510210005, 012094, -00009,   75.0,  1.523,
0510210004, 012094, -00009,  100.0,  0.973,
0510210003, 012094, -00009,  125.0,  0.147,
0510210002, 012094, -00009,  150.0,  0.110,
0510210001, 012094, -00009,  175.0,  0.093,
0520210008, 021794, -00009,    5.0,  8.427,
0520210007, 021794, -00009,   25.0,  3.567,
0520210006, 021794, -00009,   45.0,  3.027,
0520210005, 021794, -00009,   75.0,  0.850,
0520210004, 021794, -00009,  100.0,  0.383,
0520210003, 021794, -00009,  125.0,  0.150,
0520210002, 021794, -00009,  150.0,  0.077,
0520210001, 021794, -00009,  175.0,  0.030,
0530210008, 030994, -00009,    5.0,  7.217,
0530210007, 030994, -00009,   25.0,  6.397,
0530210006, 030994, -00009,   45.0,  4.060,
0530210005, 030994, -00009,   75.0,  2.783,
0530210004, 030994, -00009,  100.0,  1.333,
0530210003, 030994, -00009,  125.0,  0.587,
0530210002, 030994, -00009,  150.0,  0.310,
0530210001, 030994, -00009,  175.0,  0.073,
0540210008, 061994, -00009,    5.0,  7.643,
0540210007, 061994, -00009,   25.0,  4.840,
0540210006, 061994, -00009,   45.0,  3.893,
0540210005, 061994, -00009,   75.0,  2.537,
0540210004, 061994, -00009,  100.0,  2.327,
0540210003, 061994, -00009,  125.0,  0.853,
0540210002, 061994, -00009,  150.0,  0.447,
0540210001, 061994, -00009,  175.0,  0.110,
0550210008, 072594, -00009,    5.0,  8.660,
0550210007, 072594, -00009,   25.0,  7.150,
0550210006, 072594, -00009,   45.0,  7.653,
0550210005, 072594, -00009,   75.0,  3.093,
0550210004, 072594, -00009,  100.0,  1.080,
0550210003, 072594, -00009,  125.0,  0.247,
0550210002, 072594, -00009,  150.0,  0.050,
0550210001, 072594, -00009,  175.0,  0.030,
0560210008, 083094, -00009,    5.0,  7.823,
0560210007, 083094, -00009,   25.0,  6.167,
0560210006, 083094, -00009,   45.0,  6.193,
0560210005, 083094, -00009,   75.0,  3.287,
0560210004, 083094, -00009,  100.0,  1.503,
0560210003, 083094, -00009,  125.0,  0.493,
0560210002, 083094, -00009,  150.0,  0.077,
0560210001, 083094, -00009,  175.0,  0.063,
0570210008, 092394, -00009,    5.0,  5.387,
0570210007, 092394, -00009,   25.0,  5.633,
0570210006, 092394, -00009,   45.0,  4.333,
0570210005, 092394, -00009,   75.0,  2.693,
0570210004, 092394, -00009,  100.0,  1.663,
0570210003, 092394, -00009,  125.0,  0.340,
0570210002, 092394, -00009,  150.0,  0.047,
0570210001, 092394, -00009,  175.0,  0.037,
0580210008, 101594, -00009,    5.0,  5.103,
0580210007, 101594, -00009,   25.0,  4.363,
0580210006, 101594, -00009,   45.0,  4.473,
0580210005, 101594, -00009,   75.0,  1.393,
0580210004, 101594, -00009,  100.0,  0.807,
0580210003, 101594, -00009,  125.0,  0.350,
0580210002, 101594, -00009,  150.0,  0.070,
0580210001, 101594, -00009,  175.0,  0.030,
0600210008, 020795, -00009,    5.0,  5.083,
0600210007, 020795, -00009,   25.0,  5.260,
0600210006, 020795, -00009,   45.0,  4.200,
0600210005, 020795, -00009,   75.0,  2.457,
0600210004, 020795, -00009,  100.0,  0.803,
0600210003, 020795, -00009,  125.0,  0.550,
0600210002, 020795, -00009,  150.0,  0.153,
0610210008, 030495, -00009,    5.0,  7.467,
0610210007, 030495, -00009,   25.0,  6.400,
0610210006, 030495, -00009,   45.0,  4.737,
0610210005, 030495, -00009,   75.0,  1.993,
0610210004, 030495, -00009,  100.0,  1.445,
0610210003, 030495, -00009,  125.0,  0.223,
0610210002, 030495, -00009,  150.0,  0.067,
0620210008, 040695, -00009,    5.0,  7.240,
0620210007, 040695, -00009,   25.0,  6.357,
0620210006, 040695, -00009,   45.0,  4.033,
0620210005, 040695, -00009,   75.0,  3.220,
0620210004, 040695, -00009,  100.0,  1.575,
0620210003, 040695, -00009,  125.0,  0.640,
0620210002, 040695, -00009,  150.0,  0.117,
0620210001, 040695, -00009,  175.0,  0.047,
0630210008, 050795, -00009,    5.0, 15.003,
0630210007, 050795, -00009,   25.0, 12.713,
0630210006, 050795, -00009,   45.0,  6.393,
0630210005, 050795, -00009,   75.0,  5.797,
0630210004, 050795, -00009,  100.0,  3.737,
0630210003, 050795, -00009,  125.0,  1.157,
0630210002, 050795, -00009,  150.0,  0.180,
0630210001, 050795, -00009,  175.0,  0.047,
0640210008, 073095, -00009,    5.0,  8.867,
0640210007, 073095, -00009,   25.0,  6.137,
0640210006, 073095, -00009,   45.0,  7.057,
0640210005, 073095, -00009,   75.0,  4.117,
0640210004, 073095, -00009,  100.0,  4.117,
0640210003, 073095, -00009,  125.0,  0.907,
0640210002, 073095, -00009,  150.0,  0.110,
0640210001, 073095, -00009,  175.0,  0.107,
0650210008, 082995, -00009,    5.0,  8.903,
0650210007, 082995, -00009,   25.0,  6.583,
0650210006, 082995, -00009,   45.0,  3.357,
0650210004, 082995, -00009,  100.0,  1.690,
0650210003, 082995, -00009,  125.0,  0.497,
0650210002, 082995, -00009,  150.0,  0.047,
0660210008, 092795, -00009,    5.0,  6.307,
0660210007, 092795, -00009,   25.0,  5.590,
0660210006, 092795, -00009,   45.0,  4.945,
0660210005, 092795, -00009,   75.0,  2.870,
0660210004, 092795, -00009,  100.0,  1.113,
0660210003, 092795, -00009,  125.0,  0.120,
0660210002, 092795, -00009,  150.0,  0.060,
0660210001, 092795, -00009,  175.0,  0.033,
0670210008, 102795, -00009,    5.0,  7.207,
0670210007, 102795, -00009,   25.0,  5.800,
0670210006, 102795, -00009,   45.0,  5.190,
0670210005, 102795, -00009,   75.0,  1.650,
0670210004, 102795, -00009,  100.0,  1.175,
0670210003, 102795, -00009,  125.0,  0.280,
0670210002, 102795, -00009,  150.0,  0.100,
0670210001, 102795, -00009,  175.0,  0.045,
0680210008, 111795, -00009,    5.0,  7.083,
0680210007, 111795, -00009,   25.0,  5.337,
0680210006, 111795, -00009,   45.0,  4.503,
0680210005, 111795, -00009,   75.0,  2.325,
0680210004, 111795, -00009,  100.0,  1.085,
0680210003, 111795, -00009,  125.0,  0.127,
0680210002, 111795, -00009,  150.0,  0.035,
0680210001, 111795, -00009,  175.0,  0.075,
0690210008, 011796, -00009,    5.0,  5.093,
0690210007, 011796, -00009,   25.0,  4.727,
0690210006, 011796, -00009,   45.0,  3.313,
0690210005, 011796, -00009,   75.0,  0.845,
0690210004, 011796, -00009,  100.0,  0.750,
0690210003, 011796, -00009,  125.0,  0.170,
0690210002, 011796, -00009,  150.0,  0.050,
0700210008, 032796, -00009,    5.0,  7.205,
0700210007, 032796, -00009,   25.0,  6.673,
0700210006, 032796, -00009,   45.0,  6.370,
0700210005, 032796, -00009,   75.0,  1.595,
0700210004, 032796, -00009,  100.0,  1.170,
0700210003, 032796, -00009,  125.0,  0.887,
0700210002, 032796, -00009,  150.0,  0.100,
0700210001, 032796, -00009,  175.0,  0.070,
0710210008, 042496, -00009,    5.0,  6.700,
0710210007, 042496, -00009,   25.0,  6.827,
0710210006, 042496, -00009,   45.0,  5.263,
0710210005, 042496, -00009,   75.0,  0.193,
0710210004, 042496, -00009,  100.0,  1.630,
0710210003, 042496, -00009,  125.0,  1.153,
0720210008, 052296, -00009,    5.0,  8.853,
0720210007, 052296, -00009,   25.0,  7.700,
0720210006, 052296, -00009,   45.0,  5.627,
0720210005, 052296, -00009,   75.0,  2.080,
0720210004, 052296, -00009,  100.0,  2.143,
0720210003, 052296, -00009,  125.0,  0.703,
0720210002, 052296, -00009,  150.0,  0.253,
0730210008, 062696, -00009,    5.0,  8.470,
0730210007, 062696, -00009,   25.0,  7.497,
0730210006, 062696, -00009,   45.0,  6.183,
0730210005, 062696, -00009,   75.0,  0.783,
0730210004, 062696, -00009,  100.0,  2.060,
0730210003, 062696, -00009,  125.0,  0.650,
0730210002, 062696, -00009,  150.0,  0.277,
0740210008, 072796, -00009,    5.0,  8.937,
0740210007, 072796, -00009,   25.0,  7.650,
0740210006, 072796, -00009,   45.0,  4.940,
0740210005, 072796, -00009,   75.0,  1.860,
0740210004, 072796, -00009,  100.0,  0.917,
0740210003, 072796, -00009,  125.0,  0.360,
0740210002, 072796, -00009,  150.0,  0.100,
0740210001, 072796, -00009,  175.0,  0.057,
0750210008, 082196, -00009,    5.0, 10.123,
0750210007, 082196, -00009,   25.0,  9.140,
0750210006, 082196, -00009,   45.0,  8.707,
0750210005, 082196, -00009,   75.0,  0.467,
0750210004, 082196, -00009,  100.0,  1.797,
0750210003, 082196, -00009,  125.0,  0.643,
0750210002, 082196, -00009,  150.0,  0.087,
0750210001, 082196, -00009,  175.0,  0.040,
0760210008, 100296, -00009,    5.0, 10.520,
0760210007, 100296, -00009,   25.0,  9.390,
0760210006, 100296, -00009,   45.0,  5.237,
0760210005, 100296, -00009,   75.0,  3.463,
0760210003, 100296, -00009,  125.0,  0.273,
0760210002, 100296, -00009,  150.0,  0.073,
0770210008, 103096, -00009,    5.0,  5.853,
0770210007, 103096, -00009,   25.0,  3.793,
0770210006, 103096, -00009,   45.0,  1.507,
0770210005, 103096, -00009,   75.0,  2.780,
0770210004, 103096, -00009,  100.0,  0.873,
0770210003, 103096, -00009,  125.0,  0.187,
0770210002, 103096, -00009,  150.0,  0.050,
0770210001, 103096, -00009,  175.0,  0.040,
0780210008, 121196, -00009,    5.0,  4.637,
0780210007, 121196, -00009,   25.0,  6.207,
0780210006, 121196, -00009,   45.0,  3.777,
0780210005, 121196, -00009,   75.0,  1.000,
0780210004, 121196, -00009,  100.0,  0.940,
0780210003, 121196, -00009,  125.0,  0.270,
0780210002, 121196, -00009,  150.0,  0.103,
0790210008, 010897, -00009,    5.0,  6.383,
0790210007, 010897, -00009,   25.0,  4.380,
0790210006, 010897, -00009,   45.0,  0.710,
0790210005, 010897, -00009,   75.0,  3.010,
0790210004, 010897, -00009,  100.0,  0.793,
0790210003, 010897, -00009,  125.0,  0.243,
0790210002, 010897, -00009,  150.0,  0.117,
0790210001, 010897, -00009,  175.0,  0.043,
0800210008, 021897, -00009,    5.0,  6.293,
0800210007, 021897, -00009,   25.0,  4.920,
0800210006, 021897, -00009,   45.0,  2.533,
0800210005, 021897, -00009,   75.0,  3.520,
0800210004, 021897, -00009,  100.0,  2.257,
0800210003, 021897, -00009,  125.0,  0.723,
0800210001, 021897, -00009,  175.0,  0.107,
0810210008, 031297, -00009,    5.0,  6.983,
0810210007, 031297, -00009,   25.0,  1.547,
0810210006, 031297, -00009,   45.0,  4.853,
0810210005, 031297, -00009,   75.0,  2.877,
0810210004, 031297, -00009,  100.0,  2.633,
0810210003, 031297, -00009,  125.0,  0.550,
0810210002, 031297, -00009,  150.0,  0.120,
0820210008, 040997, -00009,    5.0,  2.905,
0820210007, 040997, -00009,   25.0,  1.567,
0820210006, 040997, -00009,   45.0,  1.875,
0820210005, 040997, -00009,   75.0,  2.873,
0820210004, 040997, -00009,  100.0,  1.143,
0820210003, 040997, -00009,  125.0,  0.087,
0820210002, 040997, -00009,  150.0,  0.037,
0820210001, 040997, -00009,  175.0,  0.030,
0830210008, 050797, -00009,    5.0,  4.890,
0830210007, 050797, -00009,   25.0,  5.253,
0830210006, 050797, -00009,   45.0,  7.857,
0830210005, 050797, -00009,   75.0,  2.585,
0830210004, 050797, -00009,  100.0,  4.785,
0830210003, 050797, -00009,  125.0,  1.245,
0830210002, 050797, -00009,  150.0,  0.215,
0830210001, 050797, -00009,  175.0,  0.040,
0840210008, 060497, -00009,    5.0,  8.863,
0840210007, 060497, -00009,   25.0,  8.110,
0840210006, 060497, -00009,   45.0,  5.323,
0840210005, 060497, -00009,   75.0,  2.383,
0840210004, 060497, -00009,  100.0,  2.050,
0840210003, 060497, -00009,  125.0,  1.117,
0840210002, 060497, -00009,  150.0,  0.203,
0840210001, 060497, -00009,  175.0,  0.037,
0850210008, 070997, -00009,    5.0,  3.865,
0850210007, 070997, -00009,   25.0,  6.845,
0850210006, 070997, -00009,   45.0,  4.105,
0850210005, 070997, -00009,   75.0,  2.265,
0850210004, 070997, -00009,  100.0,  1.560,
0850210003, 070997, -00009,  125.0,  0.525,
0850210002, 070997, -00009,  150.0,  0.115,
0860210008, 080297, -00009,    5.0,  3.573,
0860210007, 080297, -00009,   25.0,  6.953,
0860210006, 080297, -00009,   45.0,  6.047,
0860210005, 080297, -00009,   75.0,  2.347,
0860210004, 080297, -00009,  100.0,  1.843,
0860210003, 080297, -00009,  125.0,  0.610,
0860210002, 080297, -00009,  150.0,  0.143,
0860210001, 080297, -00009,  175.0,  0.113,
0870210008, 092597, -00009,    5.0,  5.837,
0870210007, 092597, -00009,   25.0,  6.420,
0870210006, 092597, -00009,   45.0,  4.353,
0870210005, 092597, -00009,   75.0,  2.610,
0870210004, 092597, -00009,  100.0,  1.203,
0870210003, 092597, -00009,  125.0,  0.677,
0870210002, 092597, -00009,  150.0,  0.170,
0890210008, 011198, -00009,    5.0,  5.470,
0890210007, 011198, -00009,   25.0,  5.367,
0890210006, 011198, -00009,   45.0,  3.060,
0890210005, 011198, -00009,   75.0,  3.093,
0890210004, 011198, -00009,  100.0,  0.867,
0890210003, 011198, -00009,  125.0,  0.253,
0890210002, 011198, -00009,  150.0,  0.037,
0890210001, 011198, -00009,  175.0,  0.063,
0900210008, 021998, -00009,    5.0,  5.205,
0900210007, 021998, -00009,   25.0,  4.907,
0900210006, 021998, -00009,   45.0,  4.230,
0900210005, 021998, -00009,   75.0,  3.390,
0900210004, 021998, -00009,  100.0,  2.443,
0900210003, 021998, -00009,  125.0,  0.467,
0910210008, 031898, -00009,    5.0,  7.813,
0910210007, 031898, -00009,   25.0,  6.450,
0910210006, 031898, -00009,   45.0,  5.530,
0910210005, 031898, -00009,   75.0,  4.097,
0910210004, 031898, -00009,  100.0,  2.300,
0910210003, 031898, -00009,  125.0,  0.570,
0910210002, 031898, -00009,  150.0,  0.227,
0910210001, 031898, -00009,  175.0,  0.117,
0920210008, 041598, -00009,    5.0,  6.963,
0920210007, 041598, -00009,   25.0,  6.577,
0920210006, 041598, -00009,   45.0,  6.523,
0920210005, 041598, -00009,   75.0,  3.430,
0920210004, 041598, -00009,  100.0,  3.643,
0920210003, 041598, -00009,  125.0,  0.573,
0920210002, 041598, -00009,  150.0,  0.323,
0930210008, 051398, -00009,    5.0,  7.560,
0930210007, 051398, -00009,   25.0,  6.577,
0930210006, 051398, -00009,   45.0,  7.313,
0930210005, 051398, -00009,   75.0,  4.577,
0930210004, 051398, -00009,  100.0,  2.657,
0930210003, 051398, -00009,  125.0,  1.043,
0930210002, 051398, -00009,  150.0,  0.267,
0930210001, 051398, -00009,  175.0,  0.100,
0940210008, 061798, -00009,    5.0,  6.377,
0940210007, 061798, -00009,   25.0,  7.400,
0940210006, 061798, -00009,   45.0,  7.037,
0940210005, 061798, -00009,   75.0,  4.963,
0940210004, 061798, -00009,  100.0,  3.023,
0940210003, 061798, -00009,  125.0,  1.287,
0940210002, 061798, -00009,  150.0,  0.370,
0940210001, 061798, -00009,  175.0,  0.073,
0950210008, 071598, -00009,    5.0,  8.993,
0950210007, 071598, -00009,   25.0,  8.533,
0950210006, 071598, -00009,   45.0,  6.890,
0950210005, 071598, -00009,   75.0,  4.123,
0950210004, 071598, -00009,  100.0,  2.477,
0950210003, 071598, -00009,  125.0,  1.150,
0950210002, 071598, -00009,  150.0,  0.197,
0950210001, 071598, -00009,  175.0,  0.047,
0960210008, 081098, -00009,    5.0, 12.717,
0960210007, 081098, -00009,   25.0, 10.643,
0960210006, 081098, -00009,   45.0,  4.387,
0960210005, 081098, -00009,   75.0,  1.853,
0960210004, 081098, -00009,  100.0,  1.157,
0960210003, 081098, -00009,  125.0,  0.443,
0960210002, 081098, -00009,  150.0,  0.177,
0960210001, 081098, -00009,  175.0,  0.107,
0970200410, 092898, 105103,    4.9,  5.070,
0970200409, 092898, 104942,   25.1,  5.140,
0970200408, 092898, 104838,   45.5,  4.005,
0970200407, 092898, 104717,   74.5,  3.740,
0970200406, 092898, 104603,  100.4,  1.360,
0970200405, 092898, 104443,  124.9,  0.420,
0970200404, 092898, 104323,  151.0,  0.190,
0970200403, 092898, 104158,  177.4,  0.050,
0970210008, 092898, -00009,    5.0,  4.480,
0970210007, 092898, -00009,   25.0,  4.585,
0970210006, 092898, -00009,   45.0,  4.105,
0970210005, 092898, -00009,   75.0,  3.030,
0970210004, 092898, -00009,  100.0,  1.215,
0970210003, 092898, -00009,  125.0,  0.420,
0970210002, 092898, -00009,  150.0,  0.145,
0970210001, 092898, -00009,  175.0,  0.110,
0980200712, 101998, 105751,    5.7,  6.100,
0980200711, 101998, 105634,   25.1,  5.300,
0980200710, 101998, 105522,   45.5,  4.170,
0980200709, 101998, 105351,   75.4,  3.130,
0980200708, 101998, 105231,  100.3,  1.355,
0980200707, 101998, 105121,  125.4,  0.215,
0980200706, 101998, 105003,  150.0,  0.080,
0980200705, 101998, 104730,  175.3,  0.040,
0980210008, 101998, -00009,    5.0,  4.685,
0980210007, 101998, -00009,   25.0,  5.415,
0980210006, 101998, -00009,   45.0,  4.680,
0980210005, 101998, -00009,   75.0,  3.680,
0980210004, 101998, -00009,  100.0,  1.270,
0980210003, 101998, -00009,  125.0,  0.465,
0980210002, 101998, -00009,  150.0,  0.105,
0980210001, 101998, -00009,  175.0,  0.075,
0990200810, 111198, 125241,    5.0,  6.115,
0990200809, 111198, 125045,   24.6,  5.480,
0990200808, 111198, 124930,   43.9,  3.210,
0990200807, 111198, 124745,   75.2,  2.155,
0990200806, 111198, 124615,  100.2,  0.600,
0990200805, 111198, 124448,  125.1,  0.170,
0990200804, 111198, 124320,  149.7,  0.065,
0990200803, 111198, 124147,  175.4,  0.050,
0990210008, 111198, -00009,    5.0,  7.070,
0990210007, 111198, -00009,   25.0,  6.060,
0990210006, 111198, -00009,   45.0,  4.055,
0990210005, 111198, -00009,   75.0,  2.015,
0990210004, 111198, -00009,  100.0,  0.595,
0990210003, 111198, -00009,  125.0,  0.190,
0990210002, 111198, -00009,  150.0,  0.070,
1000200711, 120998, 114932,    5.2,  3.885,
1000200710, 120998, 114817,   25.5,  2.188,
1000200709, 120998, 114707,   46.6,  1.335,
1000200708, 120998, 114547,   74.9,  0.580,
1000200707, 120998, 114428,  100.1,  0.200,
1000200706, 120998, 114312,  126.5,  0.120,
1000200705, 120998, 114157,  150.9,  0.110,
1000200704, 120998, 114032,  175.2,  0.060,
1000210008, 120998, -00009,    5.0,  5.045,
1000210007, 120998, -00009,   25.0,  1.905,
1000210006, 120998, -00009,   45.0,  1.765,
1000210005, 120998, -00009,   75.0,  0.505,
1000210004, 120998, -00009,  100.0,  0.225,
1000210003, 120998, -00009,  125.0,  0.170,
1010200721, 011399, 130114,    4.4,  7.105,
1010200720, 011399, 125947,   25.7,  7.275,
1010200718, 011399, 125757,   46.2,  4.925,
1010200716, 011399, 125547,   75.9,  1.785,
1010200714, 011399, 125407,  100.6,  0.340,
1010200712, 011399, 125147,  125.4,  0.220,
1010200710, 011399, 124912,  150.2,  0.085,
1010200709, 011399, 124742,  175.6,  0.040,
1010210008, 011399, -00009,    5.0,  7.750,
1010210007, 011399, -00009,   25.0,  6.055,
1010210006, 011399, -00009,   45.0,  4.510,
1010210005, 011399, -00009,   75.0,  1.545,
1010210004, 011399, -00009,  100.0,  0.600,
1010210003, 011399, -00009,  125.0,  0.270,
1010210002, 011399, -00009,  150.0,  0.075,
1020210008, 021899, -00009,    5.0,  6.300,
1020210007, 021899, -00009,   25.0,  4.925,
1020210006, 021899, -00009,   45.0,  3.300,
1020210005, 021899, -00009,   75.0,  3.570,
1020210004, 021899, -00009,  100.0,  1.325,
1020210003, 021899, -00009,  125.0,  0.470,
1020210002, 021899, -00009,  150.0,  0.105,
1020210001, 021899, -00009,  175.0,  0.015,
1030210008, 031799, -00009,    5.0,  6.283,
1030210007, 031799, -00009,   25.0,  6.177,
1030210006, 031799, -00009,   45.0,  6.337,
1030210005, 031799, -00009,   75.0,  4.187,
1030210004, 031799, -00009,  100.0,  2.877,
1030210003, 031799, -00009,  125.0,  0.453,
1030210002, 031799, -00009,  150.0,  0.183,
1030210001, 031799, -00009,  175.0,  0.060,
1040210008, 041499, -00009,    5.0,  6.357,
1040210007, 041499, -00009,   25.0,  7.053,
1040210006, 041499, -00009,   45.0,  7.087,
1040210005, 041499, -00009,   75.0,  4.560,
1040210004, 041499, -00009,  100.0,  2.217,
1040210003, 041499, -00009,  125.0,  1.223,
1040210002, 041499, -00009,  150.0,  0.367,
1050210008, 051099, -00009,    5.0,  9.967,
1050210007, 051099, -00009,   25.0,  8.323,
1050210006, 051099, -00009,   45.0,  6.103,
1050210005, 051099, -00009,   75.0,  5.203,
1050210004, 051099, -00009,  100.0,  1.227,
1050210003, 051099, -00009,  125.0,  0.247,
1060210008, 071499, -00009,    5.0,  5.837,
1060210007, 071499, -00009,   25.0,  5.660,
1060210006, 071499, -00009,   45.0,  4.973,
1060210005, 071499, -00009,   75.0,  3.790,
1060210004, 071499, -00009,  100.0,  2.465,
1060210003, 071499, -00009,  125.0,  1.110,
1060210002, 071499, -00009,  150.0,  0.243,
1060210001, 071499, -00009,  175.0,  0.077,
1070210008, 081499, -00009,    5.0,  9.500,
1070210007, 081499, -00009,   25.0,  9.207,
1070210006, 081499, -00009,   45.0,  9.307,
1070210005, 081499, -00009,   75.0,  4.233,
1070210004, 081499, -00009,  100.0,  1.613,
1070210003, 081499, -00009,  125.0,  0.237,
1070210002, 081499, -00009,  150.0,  0.107,
1080210008, 101599, -00009,    5.0,  7.475,
1080210007, 101599, -00009,   25.0,  6.350,
1080210006, 101599, -00009,   45.0,  5.497,
1080210005, 101599, -00009,   75.0,  4.230,
1080210004, 101599, -00009,  100.0,  2.410,
1080210003, 101599, -00009,  125.0,  0.570,
1080210002, 101599, -00009,  150.0,  0.103,
1090210008, 110999, -00009,    5.0,  6.713,
1090210007, 110999, -00009,   25.0,  5.652,
1090210006, 110999, -00009,   45.0,  5.100,
1090210005, 110999, -00009,   75.0,  2.310,
1090210004, 110999, -00009,  100.0,  0.473,
1090210003, 110999, -00009,  125.0,  0.397,
1090210002, 110999, -00009,  150.0,  0.113,
1100210008, 121599, -00009,    5.0,  5.823,
1100210007, 121599, -00009,   25.0,  6.257,
1100210006, 121599, -00009,   45.0,  5.137,
1100210005, 121599, -00009,   75.0,  1.933,
1100210004, 121599, -00009,  100.0,  0.970,
1100210003, 121599, -00009,  125.0,  0.257,
1100210002, 121599, -00009,  150.0,  0.107,
1100210001, 121599, -00009,  175.0,  0.100,
1110200905, 020300, 154237,   24.3,  3.770,
1110200904, 020300, 154122,   45.0,  4.220,
1110210008, 020300, -00009,    5.0,  5.213,
1110210007, 020300, -00009,   25.0,  4.250,
1110210006, 020300, -00009,   45.0,  3.433,
1110210005, 020300, -00009,   75.0,  2.003,
1110210004, 020300, -00009,  100.0,  0.997,
1110210003, 020300, -00009,  125.0,  0.500,
1110210002, 020300, -00009,  150.0,  0.123,
1110210001, 020300, -00009,  175.0,  0.050,
1120201007, 030100, 154521,   24.0,  6.907,
1120201005, 030100, 154402,   44.7,  6.273,
1120210008, 030100, -00009,    5.0,  6.900,
1120210007, 030100, -00009,   25.0,  7.573,
1120210006, 030100, -00009,   45.0,  6.540,
1120210005, 030100, -00009,   75.0,  4.013,
1120210004, 030100, -00009,  100.0,  2.410,
1120210003, 030100, -00009,  125.0,  0.910,
1120210002, 030100, -00009,  150.0,  0.167,
1120210001, 030100, -00009,  175.0,  0.053,
1130200806, 032900, 141009,   25.2,  5.567,
1130200805, 032900, 140854,   45.2,  4.857,
1130210008, 032900, -00009,    5.0,  5.913,
1130210007, 032900, -00009,   25.0,  5.987,
1130210006, 032900, -00009,   45.0,  5.040,
1130210005, 032900, -00009,   75.0,  2.983,
1130210004, 032900, -00009,  100.0,  1.073,
1130210003, 032900, -00009,  125.0,  1.080,
1130210002, 032900, -00009,  150.0,  0.187,
1130210001, 032900, -00009,  175.0,  0.060,
1140200805, 042600, 144140,   24.9,  9.167,
1140200804, 042600, 144031,   45.4,  7.913,
1140210008, 042600, -00009,    5.0,  9.377,
1140210007, 042600, -00009,   25.0,  8.257,
1140210006, 042600, -00009,   45.0,  6.407,
1140210005, 042600, -00009,   75.0,  4.663,
1140210004, 042600, -00009,  100.0,  2.523,
1140210003, 042600, -00009,  125.0,  0.090,
1140210002, 042600, -00009,  150.0,  0.190,
1140210001, 042600, -00009,  175.0,  0.550,
1150201119, 052500, 105112,    5.2,  5.420,
1150201117, 052500, 104943,   24.7,  5.447,
1150201115, 052500, 104805,   45.0,  4.280,
1150201113, 052500, 104621,   74.5,  3.080,
1150201111, 052500, 104447,   99.1,  1.973,
1150201109, 052500, 104259,  125.1,  1.133,
1150201107, 052500, 104122,  150.3,  0.347,
1150201105, 052500, 103940,  175.3,  0.073,
1150210007, 052500, -00009,   25.0,  5.110,
1150210006, 052500, -00009,   45.0,  5.265,
1160200917, 062100, 134841,    5.0, 25.230,
1160200915, 062100, 134730,   24.6, 27.220,
1160200913, 062100, 134620,   45.4,  3.600,
1160200911, 062100, 134455,   75.6,  1.450,
1160200909, 062100, 134350,   99.7,  1.375,
1160200907, 062100, 134246,  124.9,  0.873,
1160200905, 062100, 134130,  149.8,  0.495,
1160200903, 062100, 134020,  174.5,  0.077,
1160210007, 062100, -00009,   25.0, 20.225,
1160210006, 062100, -00009,   45.0,  6.005,
1170200723, 072600, 135350,    4.6, 16.040,
1170200721, 072600, 135211,   24.8, 15.299,
1170200719, 072600, 135101,   44.3,  9.063,
1170200717, 072600, 134921,   74.2,  2.705,
1170200716, 072600, 134815,  100.0,  1.217,
1170200713, 072600, 134640,  125.5,  0.507,
1170200711, 072600, 134521,  149.3,  0.127,
1170200709, 072600, 134406,  173.9,  0.057,
1180200910, 082300, 124916,    4.9,  7.187,
1180200909, 082300, 124754,   25.0,  8.093,
1180200908, 082300, 124645,   44.9,  8.070,
1180200907, 082300, 124524,   74.1,  5.395,
1180200906, 082300, 124409,   98.8,  2.517,
1180200905, 082300, 124250,  125.1,  0.583,
1180200904, 082300, 124101,  149.5,  0.120,
1180200903, 082300, 123937,  177.1,  0.045,
1180210007, 082300, -00009,   25.0,  5.775,
1180210006, 082300, -00009,   45.0,  6.655,
1190200920, 101800, 155139,    4.7,  4.917,
1190200917, 101800, 155009,   24.9,  4.423,
1190200914, 101800, 154848,   45.0,  3.800,
1190200911, 101800, 154719,   74.1,  2.375,
1190200908, 101800, 154539,   98.9,  1.357,
1190200905, 101800, 154404,  125.3,  0.270,
1200200820, 113000, 125205,    4.7,  7.557,
1200200817, 113000, 125014,   25.1,  6.713,
1200200814, 113000, 124820,   44.9,  5.033,
1200200811, 113000, 124625,   74.4,  4.265,
1200200808, 113000, 124430,   99.1,  0.923,
1200200805, 113000, 124232,  123.9,  0.230,
1210200920, 122000, 130435,    5.0,  4.150,
1210200917, 122000, 130305,   24.3,  3.473,
1210200914, 122000, 130135,   43.1,  2.303,
1210200911, 122000, 125955,   73.7,  1.380,
1210200908, 122000, 125820,  100.4,  0.820,
1210200905, 122000, 125635,  122.2,  0.347,
1220200820, 011701, 125456,    3.7,  5.983,
1220200817, 011701, 125318,   23.4,  6.407,
1220200814, 011701, 125143,   44.0,  4.427,
1220200811, 011701, 124951,   73.5,  4.570,
1220200808, 011701, 124808,   99.5,  1.813,
1220200805, 011701, 124626,  123.4,  0.370,
1240200819, 032201, 005447,    3.9,  3.887,
1240200816, 032201, 005310,   23.8,  3.293,
1240200813, 032201, 005109,   44.0,  4.717,
1240200810, 032201, 004859,   75.4,  3.165,
1240200807, 032201, 004715,   98.9,  0.900,
1240200804, 032201, 004549,  123.7,  0.497,
1250200820, 041801, 124923,    3.9,  7.160,
1250200817, 041801, 124738,   23.6,  7.450,
1250200814, 041801, 124613,   43.3,  6.693,
1250200811, 041801, 124433,   73.8,  4.783,
1250200808, 041801, 124254,   98.7,  3.223,
1250200805, 041801, 124118,  123.4,  1.700,
1260200920, 051701, 125327,    4.8,  8.073,
1260200917, 051701, 125126,   24.7,  7.687,
1260200914, 051701, 124924,   44.8,  5.560,
1260200911, 051701, 124732,   74.5,  2.370,
1260200908, 051701, 124535,   98.8,  1.990,
1260200905, 051701, 124344,  124.1,  1.190,
1270200820, 061401, 125549,    3.9,  6.120,
1270200817, 061401, 125358,   23.5,  6.083,
1270200814, 061401, 125157,   44.1,  5.757,
1270200811, 061401, 125000,   73.4,  4.573,
1270200808, 061401, 124816,   99.4,  2.453,
1270200805, 061401, 124607,  122.7,  1.637,
1280200720, 071101, 124716,    4.3,  6.883,
1280200717, 071101, 124525,   23.7,  8.987,
1280200714, 071101, 124352,   44.7,  5.170,
1280200711, 071101, 124223,   73.9,  5.500,
1280200708, 071101, 124042,  100.2,  2.290,
1280200705, 071101, 123916,  123.7,  0.750,
1290200920, 080801, 125015,    4.7,  6.123,
1290200917, 080801, 124833,   24.9,  6.107,
1290200914, 080801, 124624,   44.8,  5.450,
1290200911, 080801, 124440,   75.6,  3.383,
1290200908, 080801, 124310,   99.1,  2.390,
1290200905, 080801, 124135,  124.9,  0.390,
1300200820, 100201, 125513,    4.9,  8.480,
1300200817, 100201, 125348,   25.8,  9.517,
1300200814, 100201, 125218,   45.1,  6.150,
1300200811, 100201, 125048,   74.1,  3.823,
1300200808, 100201, 124913,  100.9,  1.877,
1300200805, 100201, 124738,  124.5,  0.557,
1310200820, 102301, 125219,    4.8,  8.097,
1310200817, 102301, 125001,   24.7,  9.010,
1310200814, 102301, 124816,   45.3,  7.260,
1310200811, 102301, 124615,   75.1,  2.930,
1310200808, 102301, 124430,  100.4,  0.660,
1310200805, 102301, 124201,  124.7,  0.193,
1320200820, 111701, 124827,    4.1,  8.347,
1320200817, 111701, 124647,   24.4,  6.497,
1320200814, 111701, 124517,   44.1,  4.630,
1320200811, 111701, 124337,   74.5,  2.810,
1320200808, 111701, 124157,   99.4,  0.760,
1320200805, 111701, 124027,  124.3,  0.190,
1340200821, 011602, 125125,    4.4,  5.820,
1340200817, 011602, 124925,   23.6,  4.487,
1340200814, 011602, 124725,   44.5,  4.400,
1340200811, 011602, 124526,   74.1,  1.087,
1340200808, 011602, 124351,   98.8,  1.190,
1340200805, 011602, 124206,  124.4,  0.437,
1350200820, 022102, 125750,    4.0,  7.430,
1350200817, 022102, 125550,   24.3,  6.613,
1350200814, 022102, 125350,   44.7,  5.137,
1350200811, 022102, 125150,   74.0,  4.053,
1350200808, 022102, 124950,  100.7,  3.110,
1350200805, 022102, 124750,  125.6,  0.500,
1360200921, 031302, 125118,    4.1,  8.060,
1360200917, 031302, 124927,   24.2,  7.743,
1360200914, 031302, 124747,   44.0,  9.043,
1360200911, 031302, 124558,   74.5,  4.843,
1360200908, 031302, 124411,   98.1,  3.957,
1360200905, 031302, 124228,  123.7,  1.590,
1370200821, 052102, 125616,    4.1,  8.180,
1370200818, 052102, 125415,   24.0,  7.727,
1370200815, 052102, 125215,   43.5,  7.287,
1370200811, 052102, 125000,   73.6,  5.050,
1370200808, 052102, 124759,   99.0,  2.670,
1370200805, 052102, 124619,  124.1,  2.607,
1390200822, 082802, 133519,    4.3,  8.750,
1390200819, 082802, 133319,   25.1,  9.253,
1390200816, 082802, 133119,   45.0,  7.660,
1390200813, 082802, 132905,   75.7,  5.433,
1390200810, 082802, 132650,  100.7,  1.620,
1390200806, 082802, 132429,  123.9,  0.680,
1400200820, 100702, 130428,    4.8,  8.410,
1400200817, 100702, 130158,   25.0,  7.367,
1400200814, 100702, 125953,   44.4,  6.280,
1400200811, 100702, 125703,   75.4,  4.233,
1400200808, 100702, 125448,  100.1,  1.990,
1400200805, 100702, 125209,  126.0,  0.633,
1410200820, 110402, 130317,    4.7,  7.727,
1410200817, 110402, 130142,   25.0,  7.727,
1410200814, 110402, 130017,   45.2,  6.663,
1410200811, 110402, 125807,   75.4,  3.823,
1410200808, 110402, 125636,   99.5,  1.820,
1410200805, 110402, 125441,  126.2,  1.320,
1420200820, 112502, 151249,    4.9,  6.810,
1420200817, 112502, 151050,   25.3,  5.120,
1420200815, 112502, 150928,   44.5,  4.427,
1420200811, 112502, 150728,   74.9,  2.390,
1420200808, 112502, 150529,  100.7,  2.073,
1420200805, 112502, 150309,  126.4,  0.903,
1430200822, 121902, 125459,    3.5,  6.390,
1430200817, 121902, 125310,   25.0,  3.850,
1430200814, 121902, 125037,   45.5,  4.060,
1430200811, 121902, 124818,   75.7,  2.200,
1430200808, 121902, 124618,   99.1,  1.853,
1430200805, 121902, 124408,  125.3,  0.760,
1440200720, 011703, 125807,    4.1, 10.067,
1440200717, 011703, 125627,   24.4,  7.987,
1440200714, 011703, 125507,   45.0,  8.313,
1440200711, 011703, 125328,   74.4,  4.130,
1440200708, 011703, 125157,   99.7,  1.533,
1440200705, 011703, 125027,  124.8,  1.277,
1450200820, 022603, 125258,    4.2,  6.837,
1450200817, 022603, 125117,   24.0,  6.275,
1450200814, 022603, 124947,   45.5,  5.533,
1450200811, 022603, 124756,   74.2,  3.147,
1450200808, 022603, 124612,   99.2,  1.303,
1450200805, 022603, 124427,  126.6,  1.197,
1460200820, 032903, 130438,    9.6,  7.837,
1460200817, 032903, 130307,   24.6,  7.300,
1460200814, 032903, 130107,   45.2,  6.237,
1460200811, 032903, 125848,   74.1,  4.183,
1460200808, 032903, 125652,  101.5,  2.540,
1460200805, 032903, 125437,  125.5,  1.370,
1470200819, 042403, 125608,    4.3,  6.533,
1470200816, 042403, 125408,   23.8,  6.680,
1470200813, 042403, 125218,   44.5,  5.793,
1470200810, 042403, 125043,   74.5,  3.493,
1470200807, 042403, 124908,   99.2,  3.167,
1470200805, 042403, 124723,  124.6,  1.420,
1480200817, 052103, 125156,   24.4,  5.130,
1480200814, 052103, 124947,   44.6,  4.417,
1480200811, 052103, 124806,   74.4,  3.117,
1480200808, 052103, 124556,  100.3,  0.973,
1480200805, 052103, 124406,  123.9,  0.283,
1490200820, 062003, 125110,    4.7,  6.463,
1490200819, 062003, 124919,   23.4,  6.403,
1490200814, 062003, 124649,   44.6,  6.366,
1490200811, 062003, 124405,   74.4,  4.485,
1490200808, 062003, 124149,   99.2,  3.077,
1490200805, 062003, 123919,  124.3,  1.340,
1500200822, 072003, 132548,    4.9,  7.587,
1500200817, 072003, 132308,   24.2,  7.253,
1500200814, 072003, 132034,   45.5,  5.357,
1500200811, 072003, 131848,   75.1,  4.160,
1500200808, 072003, 131709,   99.9,  2.853,
1500200805, 072003, 131528,  125.2,  1.057,
1510200820, 082103, 125216,    5.5,  7.517,
1510200817, 082103, 124950,   25.5,  8.163,
1510200814, 082103, 124819,   44.2,  7.217,
1510200811, 082103, 124629,   74.0,  3.987,
1510200808, 082103, 124440,  100.7,  2.697,
1510200805, 082103, 124239,  128.1,  0.690,
1520200820, 101503, 131041,    4.5,  5.430,
1520200817, 101503, 130827,   26.9,  5.770,
1520200814, 101503, 130606,   45.0,  4.053,
1520200811, 101503, 130346,   74.6,  3.103,
1520200808, 101503, 125924,  100.5,  1.387,
1520200805, 101503, 125657,  123.7,  0.573,
1530200820, 111003, 131818,   10.1,  8.527,
1530200817, 111003, 131119,   25.0,  7.690,
1530200814, 111003, 130933,   45.4,  4.620,
1530200811, 111003, 130734,   75.9,  2.253,
1530200808, 111003, 130518,  103.4,  0.990,
1530200805, 111003, 130323,  127.8,  0.445,
1540200720, 122003, 131500,    9.8,  5.850,
1540200717, 122003, 131150,   25.1,  5.683,
1540200714, 122003, 131032,   45.6,  4.607,
1540200711, 122003, 130902,   74.1,  1.850,
1540200708, 122003, 130723,  100.6,  0.997,
1540200705, 122003, 130546,  125.4,  0.450,
1550200820, 012204, 124905,    4.6,  5.320,
1550200817, 012204, 124729,   23.9,  4.643,
1550200814, 012204, 124559,   44.9,  2.187,
1550200811, 012204, 124356,   75.1,  1.003,
1550200808, 012204, 124225,   99.3,  0.347,
1550200805, 012204, 124045,  125.2,  0.287,
1560200820, 022504, 125417,    3.3,  4.767,
1560200817, 022504, 125258,   25.0,  3.615,
1560200814, 022504, 125133,   43.7,  3.670,
1560200811, 022504, 124948,   74.4,  1.507,
1560200808, 022504, 124804,   97.8,  0.890,
1560200805, 022504, 124614,  123.7,  0.487,
1570200820, 032004, 125840,    6.9,  4.347,
1570200817, 032004, 125700,   24.2,  5.187,
1570200814, 032004, 125500,   45.1,  5.287,
1570200811, 032004, 125320,   73.9,  3.013,
1570200808, 032004, 125140,  100.2,  4.423,
1570200805, 032004, 124959,  123.4,  0.773,
1580200820, 042104, 125120,    3.9,  7.170,
1580200817, 042104, 124929,   23.1,  7.247,
1580200814, 042104, 124709,   44.0,  4.783,
1580200811, 042104, 124509,   73.4,  5.427,
1580200808, 042104, 124320,   98.4,  3.707,
1580200805, 042104, 124114,  123.6,  1.127,
1590200820, 051904, 125103,    4.7,  8.353,
1590200817, 051904, 124939,   24.2,  9.523,
1590200814, 051904, 124748,   44.5,  7.940,
1590200811, 051904, 124609,   74.3,  5.913,
1590200808, 051904, 124429,   99.1,  3.557,
1590200805, 051904, 124239,  124.6,  1.660,
1600200920, 061604, 125219,    3.9,  7.180,
1600200917, 061604, 125020,   24.3,  7.500,
1600200914, 061604, 124840,   44.2,  7.147,
1600200911, 061604, 124651,   74.3,  3.757,
1600200908, 061604, 124439,   99.6,  2.747,
1600200905, 061604, 124250,  124.3,  0.850,
1620201220, 081704, 124652,    5.1,  6.937,
1620201217, 081704, 124532,   24.6,  8.213,
1620201214, 081704, 124402,   45.6,  8.000,
1620201211, 081704, 124222,   74.6,  2.890,
1620201208, 081704, 124038,   99.0,  3.140,
1620201205, 081704, 123847,  124.3,  0.600,
1630200920, 092904, 125157,    4.8,  5.653,
1630200917, 092904, 125003,   24.8,  5.690,
1630200914, 092904, 124813,   44.2,  5.743,
1630200911, 092904, 124538,   73.9,  3.737,
1630200908, 092904, 124347,   99.8,  1.833,
1630200905, 092904, 124213,  125.7,  0.677,
1640200820, 103104, 130028,    4.9,  8.657,
1640200817, 103104, 125819,   25.3,  7.897,
1640200814, 103104, 125609,   46.3,  6.990,
1640200811, 103104, 125338,   74.7,  2.687,
1640200808, 103104, 125109,   99.3,  0.820,
1640200805, 103104, 124814,  125.3,  0.260,
1650200922, 112804, 125708,    4.7,  4.710,
1650200918, 112804, 125510,   25.0,  5.073,
1650200915, 112804, 125334,   45.2,  4.017,
1650200912, 112804, 125133,   76.0,  1.707,
1650200908, 112804, 124937,   99.3,  0.607,
1650200905, 112804, 124740,  124.6,  0.180,
1660201020, 122104, 125510,    5.0,  5.947,
1660201017, 122104, 125331,   24.4,  5.287,
1660201014, 122104, 125120,   44.9,  3.940,
1660201011, 122104, 124930,   76.1,  1.403,
1660201008, 122104, 124745,  100.4,  0.873,
1660201005, 122104, 124538,  124.7,  0.103,
1670200920, 020205, 130418,    5.0,  6.333,
1670200917, 020205, 130228,   25.1,  6.133,
1670200914, 020205, 130049,   44.9,  4.520,
1670200911, 020205, 125848,   74.5,  2.207,
1670200908, 020205, 125708,  100.3,  0.473,
1670200905, 020205, 125528,  125.0,  0.123,
1690201420, 051905, 130027,   13.4,  6.770,
1690201417, 051905, 125813,   25.9,  7.580,
1690201414, 051905, 125552,   43.2,  4.743,
1690201411, 051905, 125328,   75.9,  4.023,
1690201408, 051905, 125054,   99.8,  2.797,
1690201405, 051905, 124751,  124.4,  1.493,
1700200920, 061505, 135709,   13.5,  6.077,
1700200917, 061505, 135459,   24.9,  6.877,
1700200914, 061505, 135305,   43.7,  6.620,
1700200911, 061505, 135109,   75.2,  4.443,
1700200908, 061505, 134930,   99.5,  4.993,
1700200905, 061505, 134730,  125.1,  0.933,
1710201020, 071705, 132434,    4.9,  7.240,
1710201017, 071705, 132234,   25.4,  6.637,
1710201014, 071705, 132030,   45.3,  6.367,
1710201011, 071705, 131734,   75.0,  5.200,
1710201008, 071705, 131510,  100.6,  2.450,
1710201005, 071705, 131251,  125.0,  1.583,
1720200920, 081405, 125321,    4.8,  5.850,
1720200917, 081405, 125131,   24.9,  6.640,
1720200914, 081405, 124952,   45.5,  5.823,
1720200911, 081405, 124801,   75.3,  5.130,
1720200908, 081405, 124616,  100.1,  3.263,
1720200905, 081405, 124427,  125.1,  1.053,
1730200921, 091005, 132340,    5.7, 10.760,
1730200918, 091005, 132214,   23.9,  9.847,
1730200914, 091005, 131934,   44.8,  7.093,
1730200911, 091005, 131800,   76.1,  2.393,
1730200908, 091005, 131619,   98.1,  0.663,
1730200905, 091005, 131504,  123.5,  0.220,
1740201420, 100905, 130533,    8.0,  5.807,
1740201417, 100905, 130233,   25.2,  6.823,
1740201414, 100905, 130053,   45.8,  6.040,
1740201411, 100905, 125903,   75.3,  4.693,
1740201408, 100905, 125738,  100.2,  1.870,
1740201405, 100905, 125603,  125.4,  0.440,
1750201021, 111205, 134034,    9.2,  5.327,
1750201018, 111205, 133734,   24.5,  6.190,
1750201015, 111205, 133544,   43.5,  5.270,
1750201012, 111205, 133259,   73.6,  4.467,
1750201008, 111205, 133019,   99.0,  2.327,
1750201005, 111205, 132804,  123.8,  0.717,
1760200920, 121305, 125600,    5.0,  5.010,
1760200917, 121305, 125334,   25.2,  5.360,
1760200914, 121305, 125146,   44.5,  4.800,
1760200911, 121305, 124942,   75.8,  3.737,
1760200908, 121305, 124734,  100.8,  1.350,
1760200905, 121305, 124556,  125.1,  0.580,
1770200320, 012506, 132448,    7.7,  4.927,
1770200317, 012506, 132157,   24.7,  4.533,
1770200314, 012506, 131959,   46.9,  4.827,
1770200311, 012506, 131758,   74.8,  2.450,
1770200308, 012506, 131559,  100.4,  1.097,
1770200305, 012506, 131408,  125.2,  1.157,
1780200920, 021506, 131134,   10.3,  5.467,
1780200917, 021506, 130904,   24.6,  5.437,
1780200914, 021506, 130739,   45.3,  4.643,
1780200911, 021506, 130604,   73.9,  5.647,
1780200908, 021506, 130440,  100.4,  1.210,
1780200905, 021506, 130259,  125.1,  0.210,
1790201220, 031006, 131146,    5.4,  7.700,
1790201217, 031006, 130949,   24.5,  7.383,
1790201214, 031006, 130803,   46.2,  5.600,
1790201211, 031006, 130627,   75.5,  2.757,
1790201208, 031006, 130505,   99.7,  1.447,
1790201205, 031006, 130340,  123.1,  0.563,
1800200920, 040206, 130244,    6.2,  5.317,
1800200917, 040206, 125949,   25.5,  7.233,
1800200914, 040206, 125800,   45.0,  6.953,
1800200911, 040206, 125554,   75.6,  3.550,
1800200908, 040206, 125353,  100.5,  3.027,
1800200905, 040206, 125204,  124.3,  0.643,
1810201022, 052706, 131051,    7.3,  6.223,
1810201019, 052706, 130801,   26.5,  5.720,
1810201016, 052706, 130621,   46.4,  5.853,
1810201013, 052706, 130451,   76.3,  4.050,
1810201010, 052706, 130321,  101.2,  3.600,
1810201007, 052706, 130139,  124.6,  1.143,
1820200822, 061406, 153316,    8.2,  6.295,
1820200819, 061406, 152904,   25.0,  5.247,
1820200816, 061406, 152730,   46.0,  5.127,
1820200813, 061406, 152544,   76.1,  4.403,
1820200810, 061406, 152349,  100.9,  2.947,
1820200807, 061406, 152205,  124.9,  1.757,
1840201022, 080906, 131048,    8.4,  6.013,
1840201019, 080906, 130753,   25.1,  5.930,
1840201016, 080906, 130604,   45.0,  7.897,
1840201013, 080906, 130406,   75.3,  3.747,
1840201010, 080906, 130209,  101.3,  1.327,
1840201007, 080906, 130029,  125.7,  0.403,
1850200920, 091606, 125620,    6.3,  3.565,
1850200917, 091606, 125435,   26.3,  5.323,
1850200914, 091606, 125242,   46.1,  4.053,
1850200911, 091606, 124927,   75.6,  1.627,
1850200908, 091606, 124725,  100.8,  0.730,
1850200905, 091606, 124537,  125.3,  0.427,
1860201820, 102106, 130025,    8.7,  6.530,
1860201817, 102106, 125740,   25.3,  5.163,
1860201814, 102106, 125526,   45.1,  5.633,
1860201811, 102106, 125331,   74.5,  1.957,
1860201808, 102106, 125040,  101.4,  0.835,
1860201805, 102106, 124840,  126.0,  0.353,
1870200920, 110906, 130815,    6.9,  3.637,
1870200917, 110906, 130440,   25.0,  4.823,
1870200914, 110906, 130251,   45.5,  3.573,
1870200911, 110906, 130049,   76.1,  1.420,
1870200908, 110906, 125909,  100.8,  0.737,
1870200905, 110906, 125749,  124.8,  0.423,
1880200920, 121006, 125550,    9.0,  5.557,
1880200917, 121006, 125308,   23.7,  5.063,
1880200914, 121006, 125121,   44.6,  3.910,
1880200911, 121006, 124922,   75.0,  2.203,
1880200908, 121006, 124750,  101.0,  1.207,
1880200905, 121006, 124551,  125.7,  0.273,
1890201020, 020707, 125931,    5.1,  5.170,
1890201017, 020707, 125714,   24.6,  4.473,
1890201014, 020707, 125535,   45.2,  4.063,
1890201011, 020707, 125345,   75.5,  4.127,
1890201008, 020707, 125154,  100.8,  1.560,
1890201005, 020707, 124948,  123.4,  0.180,
1900201020, 032107, 125949,    4.4,  6.360,
1900201017, 032107, 125729,   25.0,  5.737,
1900201014, 032107, 125450,   44.6,  4.863,
1900201011, 032107, 125211,   75.1,  3.170,
1900201008, 032107, 125011,   99.7,  4.820,
1900201005, 032107, 124736,  124.2,  0.560,
1910201020, 050507, 125830,    7.4,  6.653,
1910201017, 050507, 125611,   25.9,  6.867,
1910201014, 050507, 125341,   44.5,  7.650,
1910201011, 050507, 125152,   75.3,  4.207,
1910201008, 050507, 124941,  100.2,  2.423,
1910201005, 050507, 124702,  125.3,  1.537,
1930200722, 070807, 130548,    6.8,  6.533,
1930200717, 070807, 130253,   24.8,  6.203,
1930200714, 070807, 125957,   45.3,  5.857,
1930200711, 070807, 125648,   75.9,  4.087,
1930200708, 070807, 125428,   99.8,  2.167,
1930200705, 070807, 125208,  124.8,  0.923,
1940200920, 080407, 130743,    7.9,  9.257,
1940200917, 080407, 130443,   25.2,  6.717,
1940200914, 080407, 130118,   44.9,  6.527,
1940200911, 080407, 125802,   75.9,  4.140,
1940200908, 080407, 125528,  100.1,  3.033,
1940200905, 080407, 125313,  125.4,  0.800,
1950200920, 090307, 130649,    6.6,  8.177,
1950200917, 090307, 130404,   25.8,  7.507,
1950200914, 090307, 130159,   46.0,  5.275,
1950200911, 090307, 125829,   75.9,  3.903,
1950200908, 090307, 125554,  100.5,  1.643,
1950200905, 090307, 125344,  125.4,  0.780,
1960200222, 100207, 131053,    4.5,  5.780,
1960200217, 100207, 130838,   24.8,  5.067,
1960200214, 100207, 130723,   44.3,  5.220,
1960200211, 100207, 130553,   75.7,  2.987,
1960200208, 100207, 130429,   99.0,  1.343,
1960200205, 100207, 130304,  126.0,  0.540,
1970200218, 120107, 131536,    9.4,  6.110,
1970200215, 120107, 131401,   25.0,  4.640,
1970200212, 120107, 130945,   45.0,  3.760,
1970200209, 120107, 130810,   75.1,  2.840,
1970200206, 120107, 130615,   99.6,  1.467,
1970200203, 120107, 130425,  126.2,  0.197,
1980200222, 122007, 121559,    5.8,  7.560,
1980200217, 122007, 121059,   24.0,  6.957,
1980200214, 122007, 120920,   45.8,  4.473,
1980200211, 122007, 120733,   76.0,  1.990,
1980200208, 122007, 120544,  101.1,  0.670,
1980200205, 122007, 120340,  123.1,  0.250,
1990200222, 012908, 134548,    5.8,  7.963,
1990200217, 012908, 133955,   24.5,  7.587,
1990200214, 012908, 133806,   45.7,  6.303,
1990200211, 012908, 133607,   74.5,  2.610,
1990200208, 012908, 133346,   99.7,  1.175,
1990200205, 012908, 133136,  124.2,  0.403,
2000200222, 022308, 132209,    7.4,  5.953,
2000200217, 022308, 131709,   27.8,  5.427,
2000200214, 022308, 131453,   46.4,  4.137,
2000200211, 022308, 131221,   76.6,  3.303,
2000200208, 022308, 130952,  102.0,  2.850,
2000200205, 022308, 130723,  126.3,  0.920,
2010200222, 052708, 123058,    7.5,  5.457,
2010200218, 052708, 122805,   26.1,  7.163,
2010200215, 052708, 122537,   46.0,  5.623,
2010200212, 052708, 122328,   75.6,  3.217,
2010200209, 052708, 122124,  101.1,  2.733,
2010200206, 052708, 121929,  125.6,  0.817,
2020200222, 062508, 124016,    9.2,  7.983,
2020200218, 062508, 123622,   24.6,  7.870,
2020200215, 062508, 123401,   44.1,  5.930,
2020200212, 062508, 123136,   74.2,  4.063,
2020200209, 062508, 122926,   99.2,  1.983,
2020200205, 062508, 122701,  124.3,  0.663,
2030200222, 072608, 134946,    8.4,  7.097,
2030200218, 072608, 134648,   25.3,  7.623,
2030200215, 072608, 134444,   44.7,  6.905,
2030200212, 072608, 134229,   75.0,  3.837,
2030200209, 072608, 134010,  100.9,  1.657,
2030200205, 072608, 133740,  125.3,  0.833,
2040200222, 081608, 122916,    6.2,  7.683,
2040200218, 081608, 122541,   24.9,  7.787,
2040200215, 081608, 122330,   43.7,  8.237,
2040200212, 081608, 122027,   74.3,  4.463,
2040200209, 081608, 121757,  100.1,  2.030,
2040200205, 081608, 121512,  125.6,  0.417,
2050200222, 101008, 122046,    6.0,  7.310,
2050200217, 101008, 121736,   24.5,  5.920,
2050200214, 101008, 121546,   44.2,  5.525,
2050200211, 101008, 121345,   74.3,  3.780,
2050200208, 101008, 121200,   99.2,  1.150,
2050200205, 101008, 121011,  124.1,  0.263,
2060200222, 113008, 134658,   10.1, 10.150,
2060200218, 113008, 134258,   22.3,  9.020,
2060200215, 113008, 134124,   43.3,  7.030,
2060200212, 113008, 133918,   76.7,  1.397,
2060200209, 113008, 133719,  100.2,  0.583,
2060200205, 113008, 133537,  121.8,  0.233,
2080200222, 012009, 132948,    6.6,  4.777,
2080200218, 012009, 132623,   24.6,  5.257,
2080200215, 012009, 132432,   45.3,  3.920,
2080200212, 012009, 132244,   74.4,  3.127,
2080200209, 012009, 132047,   99.6,  0.890,
2080200205, 012009, 131842,  125.3,  0.287,
2090200222, 021709, 130227,    6.7,  5.737,
2090200218, 021709, 125947,   24.8,  6.723,
2090200215, 021709, 125757,   45.4,  4.637,
2090200212, 021709, 125557,   74.9,  3.497,
2090200209, 021709, 125407,  100.0,  2.490,
2090200205, 021709, 125147,  126.0,  0.833,
2100200222, 042809, 123028,    5.0,  6.957,
2100200218, 042809, 122742,   25.0,  5.480,
2100200215, 042809, 122457,   44.7,  4.845,
2100200212, 042809, 122144,   75.0,  2.983,
2100200209, 042809, 121927,   99.8,  3.550,
2100200205, 042809, 121630,  125.1,  0.663,
2110200120, 052709, 134033,    7.2,  8.603,
2110200117, 052709, 133909,   27.1,  5.890,
2110200114, 052709, 133754,   47.0,  4.590,
2110200111, 052709, 133548,   76.9,  2.890,
2110200108, 052709, 133400,  101.9,  1.953,
2110200105, 052709, 133228,  126.7,  0.717,
2120200222, 070309, 130851,    8.2,  6.343,
2120200219, 070309, 130531,   25.1,  5.787,
2120200216, 070309, 130347,   44.7,  3.720,
2120200213, 070309, 130140,   74.4,  5.153,
2120200210, 070309, 125906,  100.1,  2.780,
2120200207, 070309, 125547,  125.9,  1.587,
2130200220, 072409, 132508,    7.6,  5.457,
2130200217, 072409, 132139,   24.9,  4.837,
2130200214, 072409, 131943,   45.1,  4.930,
2130200211, 072409, 131734,   75.4,  2.783,
2130200208, 072409, 131538,   99.9,  1.527,
2130200205, 072409, 131348,  124.9,  0.590,
2140200220, 081809, 130728,    8.3,  9.743,
2140200217, 081809, 130328,   24.5, 10.067,
2140200214, 081809, 130057,   46.1, 10.817,
2140200211, 081809, 125828,   75.0,  5.487,
2140200208, 081809, 125612,  100.7,  1.783,
2140200205, 081809, 125339,  124.4,  0.480,
2150200218, 092409, 134950,    5.4,  6.527,
2150200215, 092409, 134744,   25.1,  5.383,
2150200212, 092409, 134509,   44.6,  3.703,
2150200209, 092409, 134300,   74.7,  2.173,
2150200206, 092409, 133959,   99.8,  2.170,
2150200203, 092409, 133812,  125.2,  0.355,
2160200218, 110309, 141943,    4.6,  4.633,
2160200215, 110309, 141744,   24.0,  4.553,
2160200212, 110309, 141554,   44.7,  2.463,
2160200209, 110309, 141354,   75.2,  1.267,
2160200206, 110309, 141159,   99.4,  0.647,
2160200203, 110309, 140949,  127.0,  0.167,
2170200220, 120909, 131327,    4.7,  5.910,
2170200217, 120909, 131207,   24.4,  5.620,
2170200214, 120909, 131051,   44.3,  3.920,
2170200211, 120909, 130926,   75.0,  3.430,
2170200208, 120909, 130757,   99.9,  0.933,
2170200205, 120909, 130636,  126.5,  0.227,
2200200218, 040610, 134235,    4.7,  5.830,
2200200215, 040610, 134057,   25.2,  6.523,
2200200212, 040610, 133906,   44.2,  5.995,
2200200209, 040610, 133657,   77.3,  3.257,
2200200206, 040610, 133458,   98.4,  1.767,
2200200203, 040610, 133306,  123.6,  1.223,
2210200220, 051810, 124158,    5.0,  6.250,
2210200217, 051810, 123959,   23.1,  6.230,
2210200214, 051810, 123707,   44.5,  5.820,
2210200211, 051810, 123444,   74.5,  3.393,
2210200208, 051810, 123231,  100.4,  4.140,
2210200205, 051810, 123012,  125.1,  0.630,
2220200220, 060810, 121816,    5.4,  6.627,
2220200217, 060810, 121623,   25.0,  7.030,
2220200214, 060810, 121428,   44.6,  5.980,
2220200211, 060810, 121228,   75.4,  3.900,
2220200208, 060810, 121000,  100.1,  3.097,
2220200205, 060810, 120758,  127.1,  0.943,
2230200220, 070810, 125602,    5.9,  8.353,
2230200217, 070810, 125122,   25.7, 10.260,
2230200214, 070810, 124833,   46.1,  6.270,
2230200211, 070810, 124519,   75.3,  4.530,
2230200208, 070810, 124201,  100.4,  2.070,
2230200205, 070810, 123822,  125.5,  0.817,
2240200220, 080710, 122246,    6.0,  3.960,
2240200217, 080710, 121914,   24.9,  6.563,
2240200214, 080710, 121643,   45.1,  4.680,
2240200211, 080710, 121359,   75.4,  4.523,
2240200208, 080710, 121117,  100.2,  2.403,
2240200205, 080710, 120848,  125.1,  0.690,
2250200220, 090310, 123611,    6.6,  5.717,
2250200217, 090310, 123307,   25.0,  6.393,
2250200214, 090310, 123049,   45.0,  4.820,
2250200211, 090310, 122817,   75.3,  3.380,
2250200208, 090310, 122539,  100.3,  2.067,
2250200205, 090310, 122309,  124.5,  0.657,
2260200220, 100310, 120503,    5.7,  8.360,
2260200217, 100310, 120223,   24.5,  8.390,
2260200214, 100310, 115929,   45.5,  7.705,
2260200211, 100310, 115619,   76.0,  4.273,
2260200208, 100310, 115323,  100.8,  2.090,
2260200205, 100310, 115038,  126.0,  0.560,
2270200320, 112110, 125609,    5.7,  5.093,
2270200317, 112110, 125420,   25.2,  5.577,
2270200314, 112110, 125243,   45.0,  3.383,
2270200311, 112110, 125042,   75.2,  2.553,
2270200308, 112110, 124853,  100.3,  1.590,
2270200305, 112110, 124706,  125.6,  0.417,
2280200218, 010911, 145322,    6.7,  5.660,
2280200215, 010911, 145137,   26.6,  6.113,
2280200212, 010911, 144959,   46.2,  4.785,
2280200209, 010911, 144810,   76.6,  2.283,
2280200206, 010911, 144544,  101.4,  1.225,
2280200203, 010911, 144400,  125.5,  0.453,
2290200920, 012911, 130525,    6.7,  5.527,
2290200917, 012911, 130206,   24.9,  5.213,
2290200914, 012911, 130001,   45.8,  4.557,
2290200911, 012911, 125715,   74.9,  2.605,
2290200908, 012911, 125506,  100.0,  1.527,
2290200905, 012911, 125238,  124.5,  0.617,
2300200220, 022811, 123009,    6.8,  6.353,
2300200217, 022811, 122724,   24.8,  6.963,
2300200214, 022811, 122528,   46.3,  4.613,
2300200211, 022811, 122309,   75.5,  3.063,
2300200208, 022811, 122108,  100.7,  1.723,
2300200205, 022811, 121904,  125.7,  0.817,
2310200220, 041111, 134640,    4.6,  4.997,
2310200217, 041111, 134318,   25.4,  6.045,
2310200214, 041111, 134108,   45.5,  4.963,
2310200211, 041111, 133821,   75.0,  3.545,
2310200208, 041111, 133521,  102.5,  1.663,
2310200205, 041111, 133315,  124.8,  0.733,
2320200218, 050911, 141518,    5.9,  7.310,
2320200215, 050911, 141331,   24.1,  7.500,
2320200212, 050911, 141204,   44.0,  5.740,
2320200209, 050911, 141018,   74.2,  2.660,
2320200206, 050911, 140837,   99.4,  1.097,
2320200203, 050911, 140631,  123.9,  0.300,
2330200218, 071911, 111425,    5.7,  6.810,
2330200215, 071911, 111203,   24.5,  6.373,
2330200212, 071911, 111018,   44.6,  6.307,
2330200209, 071911, 110808,   74.7,  4.690,
2330200206, 071911, 110614,   99.8,  2.877,
2330200203, 071911, 110418,  124.1,  1.010,
2340200820, 083111, 132511,    5.6,  9.525,
2340200817, 083111, 132303,   25.7,  9.545,
2340200814, 083111, 132112,   45.6,  7.120,
2340200811, 083111, 131900,   74.8,  4.847,
2340200808, 083111, 131652,   99.7,  1.857,
2340200805, 083111, 131437,  124.9,  0.485,
2350200620, 092711, 132937,    5.8,  8.285,
2350200617, 092711, 132638,   25.7,  7.420,
2350200614, 092711, 132427,   45.3,  6.840,
2350200611, 092711, 132139,   75.9,  3.993,
2350200608, 092711, 131917,  100.9,  1.493,
2350200605, 092711, 131650,  125.5,  0.545,
2360200222, 110411, 133817,    5.7,  8.740,
2360200219, 110411, 133622,   26.0,  7.123,
2360200216, 110411, 133412,   47.1,  4.607,
2360200213, 110411, 133136,   78.5,  3.693,
2360200210, 110411, 132922,   99.9,  0.950,
2360200207, 110411, 132640,  126.7,  0.173,
2370200620, 112911, 145306,    5.6, 10.885,
2370200617, 112911, 145125,   24.8, 10.173,
2370200614, 112911, 144936,   45.5,  4.833,
2370200611, 112911, 144719,   74.2,  1.863,
2370200608, 112911, 144526,   99.6,  0.470,
2370200605, 112911, 144322,  124.1,  0.207,
2390200222, 011812, 133111,    5.6,  6.413,
2390200219, 011812, 132921,   25.8,  8.233,
2390200216, 011812, 132742,   44.4,  5.800,
2390200213, 011812, 132538,   75.7,  2.743,
2390200210, 011812, 132334,  100.2,  1.080,
2390200207, 011812, 132103,  127.5,  0.400,
2410200120, 050112, 121104,    5.7,  7.193,
2410200117, 050112, 120934,   23.9,  7.067,
2410200114, 050112, 120809,   46.1,  7.700,
2410200111, 050112, 120629,   78.2,  5.583,
2410200108, 050112, 120448,  101.1,  4.300,
2410200105, 050112, 120324,  125.5,  1.080,
2420200120, 053012, 123757,    4.5,  6.667,
2420200117, 053012, 123627,   24.4,  8.407,
2420200114, 053012, 123506,   45.6,  6.037,
2420200111, 053012, 123342,   73.8,  4.160,
2420200108, 053012, 123213,  100.9,  1.960,
2420200105, 053012, 123042,  123.9,  0.683,
2430200122, 062612, 131416,    5.0,  6.483,
2430200118, 062612, 131138,   24.8,  7.677,
2430200115, 062612, 130928,   45.4,  6.780,
2430200112, 062612, 130718,   75.1,  4.697,
2430200109, 062612, 130517,   99.5,  3.173,
2430200106, 062612, 130308,  125.2,  1.247,
2440200220, 073112, 131117,    6.7,  6.660,
2440200217, 073112, 130906,   24.4,  7.850,
2440200214, 073112, 130716,   45.4,  6.223,
2440200211, 073112, 130505,   75.7,  4.723,
2440200208, 073112, 130305,  100.3,  2.160,
2440200205, 073112, 130105,  124.6,  0.825,
2450200120, 081712, 125930,    5.2,  5.047,
2450200117, 081712, 125736,   24.7,  5.503,
2450200114, 081712, 125559,   45.4,  4.193,
2450200111, 081712, 125406,   75.3,  3.490,
2450200108, 081712, 125223,  100.3,  2.490,
2450200105, 081712, 125032,  126.3,  1.005,
2460200122, 091412, 125236,    5.5,  5.267,
2460200119, 091412, 125001,   24.6,  5.090,
2460200116, 091412, 124819,   45.5,  5.267,
2460200113, 091412, 124632,   75.3,  4.115,
2460200110, 091412, 124440,  100.5,  2.855,
2460200107, 091412, 124243,  124.5,  0.910,
2470200119, 100712, 122551,    5.6,  5.975,
2470200116, 100712, 122341,   25.2,  6.470,
2470200113, 100712, 122151,   45.3,  4.697,
2470200110, 100712, 121941,   75.4,  3.863,
2470200107, 100712, 121741,  100.2,  2.755,
2470200104, 100712, 121551,  125.5,  0.905,
2480200120, 120312, 130123,    5.9,  5.997,
2480200117, 120312, 125824,   25.5,  4.950,
2480200114, 120312, 125624,   44.3,  3.560,
2480200111, 120312, 125356,   75.4,  1.577,
2480200108, 120312, 125134,  100.1,  1.170,
2480200105, 120312, 124836,  124.8,  0.365,
2490200120, 021213, 131056,    7.9,  5.767,
2490200117, 021213, 130811,   25.4,  6.620,
2490200114, 021213, 130608,   45.6,  4.280,
2490200111, 021213, 130352,   75.1,  2.685,
2490200108, 021213, 130126,  100.0,  1.653,
2490200105, 021213, 125905,  124.3,  0.933,
2500200220, 030613, 130716,    6.3,  6.610,
2500200217, 030613, 130354,   25.0,  7.230,
2500200214, 030613, 130135,   45.1,  7.197,
2500200211, 030613, 125933,   76.5,  5.905,
2500200208, 030613, 125735,   99.6,  2.327,
2500200205, 030613, 125545,  124.9,  0.730,
2510200121, 040513, 125853,    5.3,  5.977,
2510200117, 040513, 125633,   25.4,  5.953,
2510200114, 040513, 125443,   45.9,  5.590,
2510200111, 040513, 125233,   75.7,  4.190,
2510200108, 040513, 125044,  100.0,  3.473,
2510200105, 040513, 124855,  125.2,  1.720,
2520200222, 051713, 140730,    7.3,  6.190,
2520200218, 051713, 140407,   25.0,  6.700,
2520200215, 051713, 140206,   45.3,  6.583,
2520200212, 051713, 135936,   75.5,  4.285,
2520200209, 051713, 135729,  100.4,  3.027,
2520200206, 051713, 135440,  124.8,  1.533,
2530200222, 062513, 132306,    8.0,  8.413,
2530200218, 062513, 132048,   25.9,  7.663,
2530200215, 062513, 131905,   45.1,  8.087,
2530200212, 062513, 131706,   76.1,  6.660,
2530200209, 062513, 131514,  101.8,  5.207,
2530200206, 062513, 131337,  125.7,  1.233,
2540200120, 091113, 130301,    6.8,  7.970,
2540200117, 091113, 130020,   25.4,  8.477,
2540200114, 091113, 125820,   45.2,  7.837,
2540200111, 091113, 125550,   75.6,  4.155,
2540200108, 091113, 125350,  101.3,  2.613,
2540200105, 091113, 125150,  125.8,  1.270,
2550200120, 100113, 125613,    7.5,  8.960,
2550200117, 100113, 125401,   25.2,  9.453,
2550200114, 100113, 125221,   45.1,  9.747,
2550200111, 100113, 125021,   76.0,  3.790,
2550200108, 100113, 124816,   99.5,  1.620,
2550200105, 100113, 124622,  125.7,  0.523,
2560200120, 102713, 125435,    7.7,  8.920,
2560200117, 102713, 125215,   25.4,  8.103,
2560200114, 102713, 125015,   45.7,  7.113,
2560200111, 102713, 124756,   75.5,  4.530,
2560200108, 102713, 124545,  100.2,  2.400,
2560200105, 102713, 124355,  124.8,  0.500,
2570200121, 112613, 130008,    7.6,  6.640,
2570200117, 112613, 125806,   25.2,  6.690,
2570200114, 112613, 125621,   45.7,  6.370,
2570200111, 112613, 125351,   74.3,  4.340,
2570200108, 112613, 125117,  100.7,  1.960,
2570200105, 112613, 124858,  126.3,  0.363,
2580200120, 122013, 131049,    7.5,  6.435,
2580200117, 122013, 130819,   25.2,  6.357,
2580200114, 122013, 130609,   44.8,  5.027,
2580200111, 122013, 130319,   74.2,  2.985,
2580200108, 122013, 130059,  100.2,  1.270,
2580200105, 122013, 125849,  125.6,  0.293,
2590200120, 011514, 131112,    6.3,  4.627,
2590200117, 011514, 130013,   24.3,  5.267,
2590200114, 011514, 125633,   45.9,  4.293,
2590200111, 011514, 125333,   75.9,  2.735,
2590200108, 011514, 125033,  101.1,  1.393,
2590200105, 011514, 124733,  126.3,  0.743,
2600200120, 021414, 133246,    7.8,  4.137,
2600200117, 021414, 133016,   26.2,  3.387,
2600200114, 021414, 132726,   44.2,  2.333,
2600200111, 021414, 132416,   74.9,  1.325,
2600200108, 021414, 132126,  100.4,  1.020,
2600200105, 021414, 131756,  125.4,  0.213,
2610200120, 030514, 132258,    7.0,  6.813,
2610200117, 030514, 132042,   24.8,  7.503,
2610200114, 030514, 131736,   46.4,  6.507,
2610200111, 030514, 131500,   75.5,  4.610,
2610200108, 030514, 131229,  100.5,  3.450,
2610200105, 030514, 131000,  124.2,  0.720,
2620200120, 041014, 131508,    4.5,  7.283,
2620200117, 041014, 131229,   23.9,  7.927,
2620200114, 041014, 131003,   45.0,  7.960,
2620200111, 041014, 130658,   72.8,  5.647,
2620200108, 041014, 130439,   99.2,  3.530,
2620200105, 041014, 130148,  124.8,  1.977,
2630200721, 060114, 130042,    5.4,  9.193,
2630200717, 060114, 125847,   24.7,  6.183,
2630200714, 060114, 125702,   44.8,  5.340,
2630200711, 060114, 125459,   75.4,  5.605,
2630200708, 060114, 125313,  100.2,  6.613,
2630200705, 060114, 125119,  125.6,  1.937,
2640200121, 063014, 125725,    5.1,  9.533,
2640200118, 063014, 125535,   24.9,  9.887,
2640200115, 063014, 125354,   45.2,  6.735,
2640200112, 063014, 125144,   75.7,  4.320,
2640200109, 063014, 124954,  100.0,  2.217,
2640200105, 063014, 124635,  124.4,  1.583,
2650200120, 091414, 130204,    7.7,  6.913,
2650200114, 091414, 125803,   45.1,  6.713,
2650200111, 091414, 125613,   75.3,  4.343,
2650200108, 091414, 125428,  100.2,  2.743,
2650200105, 091414, 125229,  125.1,  0.587,
2660200120, 101314, 130315,    8.0, 10.373,
2660200117, 101314, 130110,   24.9, 11.787,
2660200114, 101314, 125930,   45.8,  8.793,
2660200111, 101314, 125740,   74.1,  4.410,
2660200108, 101314, 125550,  100.3,  1.927,
2660200105, 101314, 125350,  124.6,  0.383,
2670200120, 112114, 125007,    6.9,  8.257,
2670200117, 112114, 124812,   25.4,  8.257,
2670200114, 112114, 124623,   44.7,  5.977,
2670200111, 112114, 124413,   74.4,  3.513,
2670200108, 112114, 124207,  100.4,  1.210,
2670200105, 112114, 124002,  125.4,  0.283,
2680200120, 121614, 130809,    7.4,  5.200,
2680200117, 121614, 130534,   25.1,  7.360,
2680200114, 121614, 130354,   44.5,  5.497,
2680200111, 121614, 130200,   75.3,  2.197,
2680200108, 121614, 130014,  100.6,  1.237,
2680200105, 121614, 125829,  125.5,  0.380,