botid, date, time, press, pc, 
#, mmddyy, hhmmss, dbar, umol/kg, 
0440200912, 012093, 232643,    4.3,   1.53,
0440200911, 012093, 232519,   25.0,   1.74,
0440200910, 012093, 232406,   45.1,   1.67,
0440200909, 012093, 232239,   72.6,   1.50,
0440200908, 012093, 232103,   99.8,   1.25,
0440200907, 012093, 231939,  120.6,   1.13,
0440200906, 012093, 231812,  145.5,   0.86,
0440200905, 012093, 231631,  177.2,   0.52,
0450200320, 021693, 223819,    6.8,   1.59,
0450200319, 021693, 223633,   24.6,   1.78,
0450200318, 021693, 223505,   44.8,   2.13,
0450200317, 021693, 223332,   60.3,   1.84,
0450200316, 021693, 223224,   65.0,   2.17,
0450200315, 021693, 223109,   71.0,   1.76,
0450200313, 021693, 222832,   80.3,   1.62,
0450200312, 021693, 222656,   95.2,   1.25,
0450200311, 021693, 222523,  100.5,   1.04,
0450200310, 021693, 222400,  105.4,   1.10,
0450200309, 021693, 222209,  125.2,   0.61,
0450200308, 021693, 222022,  150.6,   0.54,
0450200307, 021693, 221844,  169.9,   0.52,
0460200518, 041493, 153805,    5.5,   1.95,
0460200517, 041493, 153609,   28.6,   1.95,
0460200516, 041493, 153552,   28.0,   1.79,
0460200515, 041493, 153424,   44.8,   1.63,
0460200514, 041493, 153242,   74.6,   1.46,
0460200513, 041493, 153121,   89.7,   1.71,
0460200512, 041493, 153020,   99.8,   2.11,
0460200511, 041493, 152950,   99.8,   1.79,
0460200510, 041493, 152845,  109.0,   2.11,
0460200509, 041493, 152737,  126.0,   1.46,
0460200508, 041493, 152555,  140.5,   1.14,
0460200507, 041493, 152454,  148.2,   1.06,
0460200506, 041493, 152303,  174.1,   0.59,
0470200618, 052093, 172422,    7.2,   3.65,
0470200616, 052093, 172117,   27.5,   2.08,
0470200615, 052093, 171923,   48.2,   1.33,
0470200614, 052093, 171816,   48.2,   1.72,
0470200613, 052093, 171634,   78.7,   1.89,
0470200612, 052093, 171539,   78.8,   1.77,
0470200611, 052093, 171336,  103.8,   1.89,
0470200610, 052093, 171148,  121.3,   1.50,
0470200607, 052093, 170619,  174.8,   0.82,
0490200422, 091393, 224029,    7.0,   1.93,
0490200421, 091393, 223826,   25.5,   2.04,
0490200420, 091393, 223810,   25.2,   2.09,
0490200419, 091393, 223611,   47.0,   2.03,
0490200418, 091393, 223349,   76.8,   2.14,
0490200417, 091393, 223136,   98.7,   1.93,
0490200416, 091393, 223114,   98.8,   1.85,
0490200413, 091393, 222501,  122.5,   1.34,
0490200409, 091393, 221919,  149.4,   0.96,
0490200407, 091393, 221627,  177.4,   0.55,
0500200418, 102993, 023037,    7.3,   2.48,
0500200417, 102993, 022904,   27.4,   2.25,
0500200416, 102993, 022721,   50.1,   2.51,
0500200415, 102993, 022605,   55.9,   2.18,
0500200414, 102993, 022448,   74.0,   2.00,
0500200413, 102993, 022336,   90.6,   2.08,
0500200412, 102993, 022230,  100.4,   1.62,
0500200411, 102993, 022126,  104.8,   1.87,
0500200410, 102993, 022011,  109.5,   1.41,
0500200409, 102993, 021838,  113.9,   1.82,
0500200408, 102993, 021716,  125.2,   1.78,
0500200407, 102993, 021541,  150.8,   0.84,
0500200406, 102993, 021414,  174.5,   0.62,
0510200823, 012094, 212030,    6.9,   1.67,
0510200822, 012094, 211822,   12.6,   1.82,
0510200821, 012094, 211704,   27.6,   1.46,
0510200820, 012094, 211544,   46.4,   1.84,
0510200818, 012094, 211311,   62.8,   1.60,
0510200817, 012094, 211133,   72.9,   1.52,
0510200816, 012094, 211001,   84.9,   0.72,
0510200815, 012094, 210831,   99.3,   1.47,
0510200814, 012094, 210723,  116.2,   1.08,
0510200809, 012094, 210153,  175.9,   0.59,
0510201624, 012194, 231545,    6.8,   1.89,
0510201621, 012194, 231242,   25.5,   2.06,
0510201619, 012194, 231101,   53.4,   1.95,
0510201617, 012194, 230914,   76.9,   1.61,
0510201613, 012194, 230627,  101.1,   0.99,
0510201611, 012194, 230558,  101.8,   0.56,
0510201610, 012194, 230542,  101.9,   1.22,
0510201608, 012194, 230339,  127.1,   0.78,
0510201607, 012194, 230215,  150.6,   1.54,
0510201606, 012194, 230009,  173.7,   0.59,
0520200924, 021794, 195707,    5.5,   2.24,
0520200923, 021794, 195548,   25.2,   2.11,
0520200922, 021794, 195427,   44.8,   1.94,
0520200920, 021794, 194920,   69.8,   1.89,
0520200918, 021794, 194735,   74.8,   1.93,
0520200916, 021794, 194523,  100.1,   1.74,
0520200914, 021794, 194326,  126.3,   1.45,
0520200912, 021794, 194112,  149.8,   1.08,
0520200910, 021794, 193858,  176.1,   1.11,
0530201124, 030994, 205953,    5.6,   1.84,
0530201122, 030994, 205750,   25.4,   1.95,
0530201121, 030994, 205630,   45.6,   1.93,
0530201117, 030994, 205254,   75.3,   2.11,
0530201115, 030994, 205116,  100.6,   1.76,
0530201114, 030994, 204956,  126.2,   1.56,
0530201113, 030994, 204824,  140.8,   1.57,
0530201111, 030994, 204649,  147.1,   1.24,
0530201109, 030994, 204443,  175.7,   0.94,
0540200716, 061994, 045935,   25.5,   2.30,
0540200714, 061994, 045742,   46.3,   2.37,
0540200713, 061994, 045628,   49.2,   2.48,
0540200712, 061994, 045439,   75.0,   2.65,
0540200710, 061994, 045315,  113.9,   2.46,
0540200709, 061994, 045200,  132.9,   2.41,
0540200707, 061994, 044951,  150.5,   1.33,
0540200706, 061994, 044817,  175.8,   0.98,
0550200815, 072594, 211726,    4.8,   3.93,
0550200814, 072594, 211614,   25.3,   2.64,
0550200813, 072594, 211513,   46.0,   2.98,
0550200812, 072594, 211344,   75.2,   2.37,
0550200811, 072594, 211235,   90.3,   2.35,
0550200810, 072594, 211158,  100.5,   1.96,
0550200809, 072594, 211036,  110.7,   1.87,
0550200808, 072594, 210942,  125.6,   1.72,
0550200807, 072594, 210836,  150.7,   0.58,
0550200806, 072594, 210732,  174.5,   1.00,
0560200817, 083094, 162541,    4.7,   5.01,
0560200816, 083094, 162421,   25.2,   2.04,
0560200815, 083094, 162318,   44.5,   2.11,
0560200814, 083094, 162146,   75.2,   2.63,
0560200813, 083094, 162021,   94.2,   2.22,
0560200812, 083094, 161927,  100.4,   1.78,
0560200811, 083094, 161822,  104.7,   1.82,
0560200810, 083094, 161732,  109.7,   1.72,
0560200809, 083094, 161649,  114.8,   1.50,
0560200808, 083094, 161544,  125.0,   1.15,
0560200807, 083094, 161419,  149.8,   0.87,
0560200806, 083094, 161254,  174.8,   0.74,
0560201113, 083194, 012530,    5.5,   2.06,
0560201110, 083194, 012312,   24.7,   2.51,
0560201109, 083194, 012148,   45.4,   2.02,
0560201108, 083194, 012042,   76.1,   2.36,
0560201107, 083194, 011926,  101.5,   2.02,
0560201106, 083194, 011809,  125.6,   1.65,
0560201105, 083194, 011653,  151.1,   1.11,
0560201104, 083194, 011457,  178.5,   0.85,
0570200716, 092394, 165913,    5.5,   1.95,
0570200715, 092394, 165731,   24.7,   2.18,
0570200714, 092394, 165601,   45.6,   2.22,
0570200713, 092394, 165440,   75.1,   2.12,
0570200712, 092394, 165321,   99.5,   1.90,
0570200711, 092394, 165227,  109.9,   1.86,
0570200710, 092394, 165123,  114.5,   1.89,
0570200709, 092394, 165026,  119.6,   1.94,
0570200708, 092394, 164928,  125.0,   1.70,
0570200707, 092394, 164828,  129.6,   1.53,
0570200706, 092394, 164703,  150.5,   0.89,
0570200705, 092394, 164526,  175.5,   0.70,
0580200319, 101594, 010049,    5.0,   1.74,
0580200318, 101594, 005924,   25.6,   2.00,
0580200317, 101594, 005812,   45.2,   1.99,
0580200313, 101594, 005519,   75.3,   2.01,
0580200312, 101594, 005412,  100.1,   1.80,
0580200311, 101594, 005327,  105.2,   1.58,
0580200310, 101594, 005245,  109.3,   1.33,
0580200309, 101594, 005135,  115.9,   1.21,
0580200308, 101594, 005048,  120.2,   1.20,
0580200307, 101594, 005009,  125.1,   1.27,
0580200306, 101594, 004858,  149.8,   0.66,
0580200305, 101594, 004719,  174.9,   0.57,
0590200123, 111994, 195457,    5.6,   1.43,
0590200120, 111994, 195223,   25.4,   1.50,
0590200119, 111994, 195031,   45.3,   1.89,
0590200111, 111994, 194546,   76.2,   1.85,
0590200110, 111994, 194411,   93.8,   1.48,
0590200109, 111994, 194239,  110.8,   1.27,
0590200108, 111994, 194104,  127.6,   0.79,
0590200107, 111994, 193915,  152.9,   0.66,
0590200106, 111994, 193702,  183.0,   0.58,
0600200316, -00009, -00009,    4.4,   2.14,
0600200315, -00009, -00009,   24.4,   2.34,
0600200313, -00009, -00009,   73.5,   2.00,
0600200312, -00009, -00009,  101.1,   1.87,
0600200311, -00009, -00009,  110.2,   1.64,
0600200310, -00009, -00009,  119.3,   1.35,
0600200309, -00009, -00009,  123.3,   1.41,
0600200308, -00009, -00009,  128.9,   1.44,
0600200307, -00009, -00009,  139.0,   1.02,
0600200306, -00009, -00009,  147.5,   0.94,
0600200305, -00009, -00009,  173.1,   0.59,
0610200713, 030495, 173826,    4.8,   1.63,
0610200712, 030495, 173708,   25.2,   1.58,
0610200711, 030495, 173601,   46.0,   1.54,
0610200710, 030495, 173448,   74.9,   1.43,
0610200709, 030495, 173317,  102.9,   1.37,
0610200708, 030495, 173109,  127.3,   0.89,
0610200707, 030495, 172947,  147.1,   0.63,
0610200706, 030495, 172820,  173.8,   0.50,
0610200812, 030495, 203014,   25.0,   1.82,
0610200811, 030495, 202824,   45.4,   1.69,
0620200316, 040695, 010405,    5.3,   1.84,
0620200315, 040695, 010230,   24.7,   1.89,
0620200314, 040695, 010104,   45.1,   1.84,
0620200313, 040695, 005928,   75.3,   1.59,
0620200312, 040695, 005750,   99.4,   1.64,
0620200311, 040695, 005639,  109.5,   1.63,
0620200310, 040695, 005520,  124.9,   1.33,
0620200309, 040695, 005350,  140.1,   0.98,
0620200308, 040695, 005242,  149.9,   0.87,
0620200307, 040695, 005137,  159.9,   0.70,
0620200306, 040695, 005005,  175.4,   0.61,
0630200321, 050795, 025750,    4.7,   2.15,
0630200318, 050795, 025610,   25.0,   2.00,
0630200317, 050795, 025454,   44.9,   2.03,
0630200314, 050795, 025233,  100.9,   1.87,
0630200313, 050795, 025111,  125.6,   1.02,
0630200311, 050795, 024912,  159.3,   0.73,
0630200309, 050795, 024752,  174.1,   0.96,
0630200418, 050795, 055932,   74.8,   1.68,
0640200124, 072995, 191450,    4.8,   2.12,
0640200122, 072995, 191317,   25.1,   1.90,
0640200121, 072995, 191145,   45.5,   2.33,
0640200119, 072995, 190907,   75.3,   1.73,
0640200117, 072995, 190626,   99.9,   1.67,
0640200115, 072995, 190314,  125.1,   1.67,
0640200114, 072995, 190132,  149.6,   1.02,
0640200113, 072995, 185942,  174.9,   1.01,
0650200716, 082895, 162953,    4.7,   1.97,
0650200715, 082895, 162851,    9.8,   1.82,
0650200714, 082895, 162736,   24.5,   2.07,
0650200713, 082895, 162611,   44.1,   2.24,
0650200712, 082895, 162458,   59.3,   2.41,
0650200711, 082895, 162346,   74.4,   2.20,
0650200710, 082895, 162118,   91.3,   1.69,
0650200709, 082895, 161950,  108.4,   1.77,
0650200708, 082895, 161806,  129.2,   1.39,
0650200707, 082895, 161615,  139.7,   0.90,
0650200706, 082895, 161513,  149.8,   0.76,
0650200705, 082895, 161336,  175.4,   0.57,
0660201020, 092795, 215206,    4.2,   1.76,
0660201018, 092795, 215045,   24.8,   2.00,
0660201017, 092795, 214934,   45.2,   2.11,
0660201016, 092795, 214817,   74.0,   2.15,
0660201014, 092795, 214644,  100.0,   1.91,
0660201013, 092795, 214525,  124.6,   1.31,
0660201011, 092795, 214356,  149.4,   0.72,
0660201009, 092795, 214231,  174.5,   0.77,
0670200316, 102695, 205029,    5.1,   2.40,
0670200315, 102695, 204918,   25.0,   2.15,
0670200314, 102695, 204814,   44.7,   2.46,
0670200313, 102695, 204657,   75.3,   2.09,
0670200312, 102695, 204542,   89.3,   1.80,
0670200311, 102695, 204448,   99.5,   1.70,
0670200310, 102695, 204354,  104.1,   1.69,
0670200309, 102695, 204256,  114.6,   1.30,
0670200308, 102695, 204152,  124.5,   1.04,
0670200307, 102695, 204041,  149.3,   0.87,
0670200306, 102695, 203931,  174.5,   0.62,
0670200305, 102695, 203820,  199.5,   0.54,
0680200319, 111695, 205113,    4.3,   1.89,
0680200315, 111695, 204837,   25.1,   2.01,
0680200313, 111695, 204738,   44.8,   1.53,
0680200312, 111695, 204638,   74.5,   1.75,
0680200311, 111695, 204530,   93.8,   1.43,
0680200309, 111695, 204441,   99.3,   1.44,
0680200308, 111695, 204348,  110.3,   1.08,
0680200307, 111695, 204252,  124.6,   0.93,
0680200306, 111695, 204148,  149.9,   0.66,
0680200305, 111695, 204043,  175.7,   0.63,
0680200416, 111695, 235314,   25.2,   2.37,
0680200414, 111695, 235156,   44.7,   2.39,
0680200410, 111695, 234803,   99.2,   2.05,
0680201124, 111795, 205632,    4.6,   1.99,
0680201121, 111795, 205436,   24.6,   2.12,
0680201119, 111795, 205329,   44.9,   1.92,
0680201117, 111795, 205154,   74.2,   1.72,
0680201115, 111795, 205018,  104.7,   1.38,
0690200318, 011696, 200208,    4.5,   1.94,
0690200317, 011696, 200041,   24.0,   2.00,
0690200316, 011696, 195856,   43.6,   2.24,
0690200315, 011696, 195638,   74.8,   1.80,
0690200314, 011696, 195517,   84.2,   1.82,
0690200313, 011696, 195414,   89.1,   1.80,
0690200312, 011696, 195244,   94.1,   1.60,
0690200311, 011696, 195144,   99.2,   1.11,
0690200310, 011696, 195050,  104.4,   1.08,
0690200309, 011696, 194859,  125.5,   0.79,
0690200307, 011696, 194635,  150.0,   0.63,
0690200306, 011696, 194520,  174.1,   0.56,
0700200319, 032696, 231232,    5.2,   1.63,
0700200318, 032696, 231044,   24.7,   1.94,
0700200315, 032696, 230734,   44.3,   2.02,
0700200314, 032696, 230556,   74.7,   1.79,
0700200313, 032696, 230414,  100.1,   1.72,
0700200310, 032696, 230000,  125.1,   0.98,
0700200309, 032696, 225830,  148.6,   0.88,
0700200308, 032696, 225648,  174.8,   0.17,
0700201523, 032896, 141605,    8.9,   2.55,
0700201520, 032896, 141007,   59.6,   1.94,
0700201519, 032896, 140831,   74.3,   2.83,
0710200315, 042396, 215217,    4.6,   2.09,
0710200314, 042396, 215113,   25.0,   2.12,
0710200313, 042396, 215011,   44.9,   2.22,
0710200312, 042396, 214907,   74.6,   2.11,
0710200311, 042396, 214811,   99.6,   1.67,
0710200310, 042396, 214719,  124.2,   1.72,
0710200309, 042396, 214633,  134.3,   1.20,
0710200308, 042396, 214527,  150.5,   1.07,
0710200307, 042396, 214421,  174.9,   0.68,
0720200313, 052296, 085905,    4.4,   2.26,
0720200312, 052296, 085734,   24.8,   2.49,
0720200311, 052296, 085622,   45.0,   2.50,
0720200310, 052296, 085454,   74.3,   2.20,
0720200309, 052296, 085327,   99.2,   1.77,
0720200308, 052296, 085214,  104.7,   1.87,
0720200307, 052296, 085018,  129.8,   1.53,
0720200306, 052296, 084750,  149.4,   1.17,
0720200305, 052296, 084548,  175.5,   1.02,
0730200314, 062596, 215724,    4.7,   2.02,
0730200313, 062596, 215526,   25.4,   2.18,
0730200312, 062596, 215344,   44.9,   2.19,
0730200311, 062596, 215212,   74.5,   2.64,
0730200310, 062596, 215042,   99.3,   2.46,
0730200309, 062596, 214924,  124.7,   1.81,
0730200308, 062596, 214800,  140.2,   1.50,
0730200307, 062596, 214654,  149.3,   1.23,
0730200306, 062596, 214546,  160.5,   1.02,
0730200305, 062596, 214440,  176.2,   0.90,
0740200312, 072696, 215000,    4.3,   2.39,
0740200311, 072696, 214848,   24.1,   2.40,
0740200310, 072696, 214726,   45.5,   2.87,
0740200309, 072696, 214600,   74.3,   2.83,
0740200308, 072696, 214440,   99.6,   1.83,
0740200307, 072696, 214314,  124.5,   1.49,
0740200306, 072696, 214136,  149.5,   1.07,
0740200305, 072696, 214018,  175.2,   0.99,
0750200315, 082096, 225432,    5.0,   2.43,
0750200314, 082096, 225332,   24.6,   2.58,
0750200313, 082096, 225220,   44.7,   2.72,
0750200312, 082096, 225106,   74.5,   2.06,
0750200311, 082096, 225000,   89.9,   1.83,
0750200310, 082096, 224854,   99.7,   2.02,
0750200309, 082096, 224758,  109.6,   1.65,
0750200308, 082096, 224700,  119.4,   1.35,
0750200307, 082096, 224610,  130.1,   1.33,
0750200306, 082096, 224500,  149.2,   0.78,
0750200305, 082096, 224348,  175.0,   0.70,
0760200319, 100196, 215238,    3.9,   2.60,
0760200318, 100196, 215132,   23.7,   2.11,
0760200317, 100196, 215028,   43.4,   2.20,
0760200316, 100196, 214920,   74.5,   1.73,
0760200314, 100196, 214738,   99.6,   1.42,
0760200313, 100196, 214646,  109.1,   1.16,
0760200312, 100196, 214536,  124.0,   1.00,
0760200310, 100196, 214414,  149.4,   0.78,
0760200308, 100196, 214248,  175.0,   0.57,
0770200723, 103096, 155547,    4.1,   2.05,
0770200721, 103096, 155433,   24.7,   1.89,
0770200719, 103096, 155253,   44.6,   2.08,
0770200717, 103096, 155111,   73.6,   2.14,
0770200715, 103096, 154939,   98.4,   2.02,
0770200713, 103096, 154755,  124.5,   1.43,
0770200711, 103096, 154629,  150.1,   1.11,
0770200709, 103096, 154515,  175.1,   0.80,
0780200323, 121096, 235539,    4.1,   2.08,
0780200321, 121096, 235429,   23.9,   2.31,
0780200319, 121096, 235312,   44.3,   2.14,
0780200317, 121096, 235138,   74.7,   2.12,
0780200315, 121096, 235000,  100.0,   1.97,
0780200313, 121096, 234832,  124.1,   1.33,
0790200312, 010797, 225819,    5.0,   1.79,
0790200311, 010797, 225701,   24.8,   2.02,
0790200310, 010797, 225545,   44.6,   1.56,
0790200309, 010797, 225419,   74.4,   1.96,
0790200308, 010797, 225227,  101.2,   1.27,
0790200307, 010797, 225105,  125.1,   0.67,
0790200306, 010797, 224957,  149.7,   0.67,
0790200305, 010797, 224831,  174.0,   0.50,
0800200316, 021797, 215936,    5.2,   1.72,
0800200315, 021797, 215822,   25.3,   1.90,
0800200314, 021797, 215716,   44.1,   1.71,
0800200313, 021797, 215604,   74.5,   1.70,
0800200312, 021797, 215452,   99.8,   1.82,
0800200311, 021797, 215400,  115.3,   1.54,
0800200310, 021797, 215304,  119.6,   1.53,
0800200309, 021797, 215154,  124.1,   1.24,
0800200308, 021797, 215038,  150.1,   1.00,
0800200307, 021797, 214926,  174.6,   1.03,
0810200313, 031197, 225107,    4.5,   1.72,
0810200312, 031197, 225005,   24.4,   2.13,
0810200311, 031197, 224845,   44.7,   2.24,
0810200309, 031197, 224721,   74.7,   1.96,
0810200308, 031197, 224609,   99.5,   1.63,
0810200307, 031197, 224447,  119.6,   1.00,
0810200306, 031197, 224327,  149.5,   0.76,
0810200305, 031197, 224157,  174.8,   0.65,
0820200311, 040897, 215434,   25.4,   1.93,
0820200309, 040897, 215154,   75.3,   1.91,
0820200308, 040897, 215028,   99.6,   1.61,
0820200307, 040897, 214844,  125.3,   0.89,
0820200306, 040897, 214704,  150.7,   0.58,
0820200305, 040897, 214550,  176.2,   0.52,
0830200312, 050697, 220323,    4.2,   1.57,
0830200311, 050697, 220215,   24.2,   2.11,
0830200310, 050697, 220115,   44.9,   1.97,
0830200309, 050697, 215957,   74.5,   1.79,
0830200308, 050697, 215855,   99.3,   1.74,
0830200307, 050697, 215749,  124.9,   1.49,
0830200306, 050697, 215647,  150.2,   0.74,
0830200305, 050697, 215541,  174.7,   0.58,
0840200314, 060397, 215415,    4.7,   1.93,
0840200313, 060397, 215307,   25.0,   2.18,
0840200312, 060397, 215157,   45.0,   2.01,
0840200311, 060397, 215039,   75.0,   2.23,
0840200310, 060397, 214919,  100.0,   2.11,
0840200308, 060397, 214653,  139.4,   0.98,
0840200307, 060397, 214527,  148.8,   0.52,
0840200306, 060397, 214407,  175.8,   0.66,
0840200409, 060497, 004554,  125.1,   1.81,
0850200314, 070897, 230257,   24.5,   2.21,
0850200313, 070897, 230145,   44.4,   1.83,
0850200312, 070897, 230037,   74.2,   1.93,
0850200311, 070897, 225933,   99.8,   1.59,
0850200308, 070897, 225647,  150.0,   1.50,
0850200307, 070897, 225527,  174.2,   0.91,
0860201124, 080397, 110456,    4.1,   2.41,
0860201122, 080397, 110234,   25.2,   2.60,
0860201121, 080397, 110059,   45.6,   2.56,
0860201120, 080397, 105902,   74.9,   2.29,
0860201118, 080397, 105656,  100.2,   1.60,
0860201114, 080397, 105332,  125.3,   1.00,
0860201112, 080397, 105133,  150.3,   0.76,
0860201110, 080397, 104920,  175.1,   0.52,
0870200418, 092597, 145743,    5.0,   2.88,
0870200417, 092597, 145625,   24.3,   1.93,
0870200416, 092597, 145523,   44.0,   2.08,
0870200415, 092597, 145353,   74.8,   2.48,
0870200412, 092597, 145153,   99.6,   2.04,
0870200411, 092597, 145021,  126.5,   1.51,
0870200410, 092597, 144851,  151.5,   1.07,
0870200409, 092597, 144655,  175.0,   0.58,
0880200412, 120597, 105747,    4.9,   1.64,
0880200411, 120597, 105627,   25.5,   1.54,
0880200410, 120597, 105511,   43.6,   1.46,
0880200409, 120597, 105344,   75.3,   1.69,
0880200408, 120597, 105221,  100.2,   1.64,
0880200407, 120597, 105057,  125.2,   0.92,
0880200406, 120597, 104923,  149.4,   0.63,
0880200405, 120597, 104803,  176.0,   0.59,
0890200312, 011098, 215612,    5.4,   1.80,
0890200311, 011098, 215402,   25.0,   1.61,
0890200310, 011098, 215248,   47.1,   1.80,
0890200308, 011098, 215026,  101.0,   1.63,
0890200307, 011098, 214910,  125.3,   1.12,
0890200306, 011098, 214746,  151.8,   0.72,
0890200305, 011098, 214616,  174.6,   0.50,
0890200409, 011198, 005226,   75.2,   1.62,
0900200312, 021898, 235432,    5.1,   1.91,
0900200311, 021898, 235258,   25.2,   2.12,
0900200310, 021898, 235142,   45.3,   1.95,
0900200309, 021898, 235018,   74.8,   1.78,
0900200308, 021898, 234902,   99.7,   2.23,
0900200307, 021898, 234742,  125.3,   1.01,
0900200306, 021898, 234622,  149.4,   0.80,
0900200305, 021898, 234458,  175.9,   0.55,
0910200312, 031798, 224820,    5.4,   2.11,
0910200311, 031798, 224650,   24.8,   2.07,
0910200310, 031798, 224520,   44.6,   2.34,
0910200309, 031798, 224350,   74.3,   2.36,
0910200308, 031798, 224220,   99.6,   1.99,
0910200307, 031798, 224050,  125.7,   1.60,
0910200306, 031798, 223920,  150.8,   1.14,
0910200305, 031798, 223750,  174.6,   0.84,
0920200112, 041498, 152638,    5.1,   2.19,
0920200111, 041498, 152516,   25.5,   2.17,
0920200110, 041498, 152358,   45.0,   1.91,
0920200109, 041498, 152230,   74.2,   1.87,
0920200108, 041498, 152102,   99.6,   1.81,
0920200107, 041498, 151814,  126.0,   1.49,
0920200106, 041498, 151646,  150.0,   1.00,
0920200105, 041498, 151522,  174.6,   0.82,
0930200313, 051298, 220218,    5.2,   1.57,
0930200312, 051298, 220103,   24.8,   1.71,
0930200311, 051298, 215948,   44.9,   1.76,
0930200310, 051298, 215833,   74.5,   1.75,
0930200309, 051298, 215733,   99.2,   1.62,
0930200308, 051298, 215603,  124.8,   1.89,
0930200307, 051298, 215433,  150.7,   1.37,
0930200306, 051298, 215305,  174.4,   0.82,
0940200812, 061798, 225403,    4.9,   2.20,
0940200811, 061798, 225231,   24.6,   2.33,
0940200810, 061798, 225105,   45.0,   2.54,
0940200809, 061798, 224939,   75.1,   2.38,
0940200808, 061798, 224758,  109.8,   1.77,
0940200807, 061798, 224646,  124.9,   1.80,
0940200806, 061798, 224528,  149.1,   0.98,
0940200805, 061798, 224407,  174.1,   0.72,
0950200812, 071598, 225513,    4.5,   2.25,
0950200811, 071598, 225333,   25.4,   2.33,
0950200810, 071598, 225204,   44.9,   2.65,
0950200809, 071598, 225029,   75.3,   2.29,
0950200808, 071598, 224859,   99.4,   1.76,
0950200807, 071598, 224714,  125.7,   1.85,
0950200806, 071598, 224538,  150.1,   1.20,
0950200805, 071598, 224409,  174.9,   0.80,
0960200117, 081098, 010548,    5.2,   3.36,
0960200111, 081098, 010255,   25.2,   3.62,
0960200110, 081098, 010131,   45.3,   3.14,
0960200109, 081098, 010000,   74.9,   1.85,
0960200108, 081098, 005810,  100.1,   1.28,
0960200107, 081098, 005645,  125.1,   0.81,
0960200106, 081098, 005516,  149.4,   0.63,
0960200105, 081098, 005345,  175.3,   0.54,
0970200117, 092898, 014827,    5.2,   2.44,
0970200112, 092898, 014652,   25.6,   2.61,
0970200111, 092898, 014507,   75.4,   2.30,
0970200110, 092898, 014502,   75.4,   2.54,
0970200109, 092898, 014352,  100.1,   1.96,
0970200108, 092898, 014242,  125.1,   1.50,
0970200107, 092898, 014132,  149.9,   0.80,
0970200106, 092898, 014017,  175.2,   0.63,
0980200319, 101898, 230128,    5.6,   2.02,
0980200317, 101898, 225920,   25.2,   2.08,
0980200313, 101898, 225735,   44.9,   2.27,
0980200311, 101898, 225548,   75.5,   2.19,
0980200309, 101898, 225328,   99.9,   2.39,
0980200308, 101898, 225200,  125.3,   1.76,
0980200307, 101898, 225044,  150.7,   1.04,
0980200306, 101898, 224929,  175.1,   0.87,
0990200322, 111098, 215501,    4.8,   1.83,
0990200319, 111098, 215247,   25.1,   1.83,
0990200313, 111098, 214915,   44.9,   1.73,
0990200309, 111098, 214617,   74.9,   1.93,
0990200308, 111098, 214516,   99.3,   1.45,
0990200307, 111098, 214415,  125.4,   0.96,
0990200306, 111098, 214315,  149.7,   0.66,
0990200305, 111098, 214215,  175.8,   0.57,
1000200312, 120898, 235419,    5.5,   2.08,
1000200311, 120898, 235256,   26.1,   1.89,
1000200310, 120898, 235137,   44.9,   1.76,
1000200309, 120898, 235011,   75.3,   1.69,
1000200308, 120898, 234857,  100.8,   1.58,
1000200307, 120898, 234736,  126.8,   1.00,
1000200306, 120898, 234617,  150.9,   0.70,
1000200305, 120898, 234457,  175.6,   0.60,
1010200317, 011399, 005937,    5.7,   1.97,
1010200315, 011399, 005722,   25.9,   2.23,
1010200313, 011399, 005557,   45.7,   2.11,
1010200309, 011399, 005402,   75.8,   1.80,
1010200308, 011399, 005222,  100.7,   1.42,
1010200307, 011399, 005047,  125.5,   1.08,
1010200306, 011399, 004922,  150.7,   0.99,
1010200305, 011399, 004752,  175.9,   0.79,
1020200821, 021899, 205750,    5.4,   1.86,
1020200819, 021899, 205548,   25.2,   1.96,
1020200816, 021899, 205334,   44.6,   1.84,
1020200814, 021899, 205138,   75.2,   1.76,
1020200811, 021899, 204848,  100.6,   1.73,
1020200808, 021899, 204609,  125.7,   1.45,
1020200806, 021899, 204448,  151.3,   1.15,
1030200312, 031699, 225346,    5.6,   1.95,
1030200311, 031699, 225232,   24.9,   2.05,
1030200310, 031699, 225121,   45.9,   2.22,
1030200309, 031699, 225001,   76.8,   3.12,
1030200308, 031699, 224846,  101.1,   1.76,
1030200307, 031699, 224731,  125.3,   1.70,
1030200306, 031699, 224616,  152.3,   1.26,
1030200305, 031699, 224442,  176.0,   0.84,
1040200524, 041499, 010833,    4.9,   1.64,
1040200523, 041499, 010713,   25.4,   1.97,
1040200522, 041499, 010613,   44.8,   2.09,
1040200521, 041499, 010505,   75.1,   1.93,
1040200520, 041499, 010349,   99.6,   2.08,
1040200516, 041499, 010205,  125.7,   1.43,
1040200515, 041499, 010038,  150.3,   1.13,
1040200514, 041499, 005920,  175.0,   0.93,
1050200312, 050999, 230040,    7.3,   2.28,
1050200311, 050999, 225915,   27.0,   3.43,
1050200310, 050999, 225800,   47.2,   4.50,
1050200309, 050999, 225645,   76.7,   2.16,
1050200308, 050999, 225530,  101.5,   2.16,
1050200307, 050999, 225415,  125.4,   1.89,
1050200306, 050999, 225300,  149.9,   0.84,
1050200305, 050999, 225145,  173.8,   0.79,
1060200312, 071399, 225218,    4.6,   2.46,
1060200311, 071399, 225059,   24.6,   2.67,
1060200310, 071399, 224943,   45.2,   2.69,
1060200309, 071399, 224818,   75.3,   2.93,
1060200308, 071399, 224703,   99.6,   3.31,
1060200307, 071399, 224543,  124.3,   2.37,
1060200306, 071399, 224423,  149.7,   1.44,
1060200305, 071399, 224304,  174.7,   1.02,
1070200611, 081399, 235355,   25.0,   2.37,
1070200610, 081399, 235241,   44.7,   3.33,
1070200609, 081399, 235115,   75.0,   2.34,
1070200608, 081399, 234956,   99.7,   1.91,
1070200607, 081399, 234841,  124.6,   1.70,
1070200606, 081399, 234723,  150.5,   0.69,
1070200605, 081399, 234606,  175.6,   0.79,
1080200311, 101499, 235729,   24.5,   1.91,
1080200310, 101499, 235625,   44.7,   2.10,
1080200309, 101499, 235509,   74.2,   1.82,
1080200308, 101499, 235354,   98.9,   1.53,
1080200307, 101499, 235229,  124.2,   1.32,
1080200306, 101499, 235114,  149.7,   0.76,
1080200305, 101499, 235004,  174.7,   0.65,
1090200312, 110899, 215250,    4.4,   2.06,
1090200311, 110899, 215149,   23.9,   1.92,
1090200310, 110899, 215034,   43.9,   1.95,
1090200309, 110899, 214920,   73.7,   1.82,
1090200308, 110899, 214820,   99.1,   1.66,
1090200307, 110899, 214704,  125.1,   1.23,
1090200306, 110899, 214535,  149.6,   0.94,
1090200305, 110899, 214420,  176.3,   0.59,
1100200313, 121499, 230104,    5.3,   2.10,
1100200312, 121499, 225809,   24.8,   2.12,
1100200311, 121499, 225708,   44.6,   2.52,
1100200310, 121499, 225548,   75.1,   2.01,
1100200309, 121499, 225428,  100.6,   1.54,
1100200308, 121499, 225308,  125.3,   0.67,
1100200307, 121499, 225148,  150.2,   0.62,
1100200306, 121499, 225028,  174.8,   0.59,
1110200312, 020200, 215156,    4.3,   1.71,
1110200311, 020200, 215012,   24.7,   1.80,
1110200310, 020200, 214907,   44.9,   1.82,
1110200309, 020200, 214756,   74.4,   1.70,
1110200308, 020200, 214643,   98.7,   1.90,
1110200307, 020200, 214531,  123.8,   1.23,
1110200306, 020200, 214428,  149.4,   1.51,
1110200305, 020200, 214300,  174.9,   0.47,
1120200418, 022900, 221901,    4.5,   1.68,
1120200416, 022900, 221731,   25.5,   1.74,
1120200415, 022900, 221621,   44.6,   1.89,
1120200413, 022900, 221446,   76.2,   1.81,
1120200412, 022900, 221331,   98.8,   1.64,
1120200410, 022900, 221201,  124.2,   1.41,
1120200409, 022900, 221055,  149.8,   1.00,
1120200406, 022900, 220930,  175.3,   0.55,
1130200313, 032800, 225213,    5.1,   2.47,
1130200312, 032800, 225058,   25.0,   2.33,
1130200311, 032800, 224943,   45.3,   2.15,
1130200310, 032800, 224813,   74.0,   1.95,
1130200309, 032800, 224643,  100.6,   1.66,
1130200308, 032800, 224523,  125.3,   1.23,
1130200307, 032800, 224358,  149.0,   0.84,
1130200305, 032800, 224238,  173.9,   0.62,
1140200316, 042500, 224945,    4.2,   2.09,
1140200315, 042500, 224830,   24.8,   2.69,
1140200314, 042500, 224725,   45.4,   2.20,
1140200313, 042500, 224619,   75.3,   2.07,
1140200312, 042500, 224514,   99.7,   2.05,
1140200310, 042500, 224314,  149.8,   1.25,
1140200309, 042500, 224200,  174.3,   1.01,
1140200409, 042600, 014515,  124.1,   1.28,
1150200323, 052300, 225132,    4.3,   1.80,
1150200321, 052300, 225017,   24.2,   1.85,
1150200320, 052300, 224922,   43.9,   2.04,
1150200315, 052300, 224712,   74.6,   1.93,
1150200313, 052300, 224557,   99.2,   1.43,
1150200311, 052300, 224422,  124.1,   1.58,
1150200307, 052300, 224222,  148.5,   0.81,
1150200305, 052300, 224007,  175.8,   0.57,
1160200424, 062000, 224735,    3.9,   2.84,
1160200420, 062000, 224530,   29.6,   4.46,
1160200416, 062000, 224325,   44.0,   1.86,
1160200413, 062000, 224150,   74.0,   1.54,
1160200411, 062000, 224034,   99.4,   1.31,
1160200409, 062000, 223925,  123.6,   1.09,
1160200407, 062000, 223820,  149.1,   0.95,
1160200405, 062000, 223705,  174.2,   0.64,
1170200323, 072600, 023600,    3.6,   3.18,
1170200808, 072600, 195404,  124.2,   1.13,
1170200807, 072600, 195234,  148.2,   0.97,
1170200806, 072600, 195109,  175.2,   0.60,
1170201024, 072700, 015326,    4.4,   3.36,
1170201020, 072700, 015140,   14.3,   3.72,
1170201018, 072700, 015020,   24.3,   3.59,
1170201010, 072700, 014531,   59.5,   3.11,
1170201007, 072700, 014229,  104.3,   1.61,
1170201004, 072700, 013941,  150.2,   1.02,
1180200412, 082200, 215155,    5.2,   1.61,
1180200411, 082200, 215040,   25.3,   1.74,
1180200410, 082200, 214940,   44.6,   1.72,
1180200409, 082200, 214810,   74.2,   1.81,
1180200408, 082200, 214656,  100.0,   1.29,
1180200407, 082200, 214529,  125.0,   1.69,
1180200406, 082200, 214327,  149.7,   0.82,
1180200405, 082200, 214156,  175.6,   0.57,
1190200416, 101800, 005953,    4.6,   1.93,
1190200415, 101800, 005843,   24.9,   1.79,
1190200410, 101800, 005704,   45.3,   1.76,
1190200409, 101800, 005603,   74.4,   1.23,
1190200408, 101800, 005453,   99.1,   1.21,
1190200407, 101800, 005353,  124.4,   0.93,
1190200406, 101800, 005253,  148.8,   0.65,
1190200405, 101800, 005143,  175.8,   0.39,
1200200519, 113000, 040611,    4.7,   2.36,
1200200517, 113000, 040427,   24.7,   2.05,
1200200515, 113000, 040257,   44.6,   1.96,
1200200513, 113000, 040057,   74.8,   1.79,
1200200511, 113000, 035911,  100.3,   1.62,
1200200510, 113000, 035743,  125.2,   1.09,
1200200508, 113000, 035452,  174.2,   0.51,
1200200507, 113000, 035326,  199.2,   0.45,
1210200617, 122000, 035534,    4.3,   1.67,
1210200616, 122000, 035352,   23.9,   1.72,
1210200615, 122000, 035219,   44.6,   1.78,
1210200614, 122000, 035040,   74.7,   1.51,
1210200613, 122000, 034859,   98.7,   1.36,
1210200612, 122000, 034731,  124.1,   1.13,
1210200611, 122000, 034424,  150.9,   0.65,
1210200610, 122000, 034242,  175.4,   0.55,
1220201015, 011701, 185631,    3.9,   1.40,
1220201014, 011701, 185532,   24.0,   1.39,
1220201013, 011701, 185432,   43.8,   1.68,
1220201012, 011701, 185332,   73.3,   1.46,
1220201011, 011701, 185227,  100.3,   1.30,
1220201010, 011701, 185132,  122.8,   1.17,
1220201009, 011701, 185027,  149.7,   0.74,
1220201008, 011701, 184932,  174.6,   0.63,
1220201007, 011701, 184832,  199.0,   0.46,
1230200418, 021501, 053329,   24.4,   1.40,
1230200417, 021501, 053230,   44.6,   1.48,
1230200415, 021501, 053109,   74.0,   1.27,
1230200414, 021501, 053004,   99.0,   1.74,
1230200413, 021501, 052849,  125.4,   0.69,
1230200412, 021501, 052739,  148.5,   0.58,
1230200409, 021501, 052604,  174.9,   0.61,
1230200407, 021501, 052435,  199.3,   0.31,
1240200419, 032101, 130658,   75.4,   1.41,
1240200719, 032101, 215045,    3.6,   1.74,
1240200716, 032101, 214915,   24.6,   1.62,
1240200714, 032101, 214739,   43.7,   1.75,
1240200712, 032101, 214614,   74.8,   1.59,
1240200710, 032101, 214454,   99.1,   1.45,
1240200709, 032101, 214340,  123.1,   1.41,
1240200708, 032101, 214244,  149.0,   0.66,
1240200707, 032101, 214144,  173.7,   0.60,
1240200706, 032101, 214040,  199.3,   0.46,
1250200314, 041701, 215121,    3.6,   1.41,
1250200313, 041701, 215010,   23.7,   1.40,
1250200312, 041701, 214903,   43.6,   1.45,
1250200311, 041701, 214745,   73.3,   1.20,
1250200310, 041701, 214630,   98.9,   1.40,
1250200309, 041701, 214514,  125.3,   1.45,
1250200308, 041701, 214347,  149.5,   1.14,
1250200307, 041701, 214239,  173.3,   0.73,
1250200306, 041701, 214124,  198.0,   0.57,
1260200424, 051701, 002710,    4.8,   1.97,
1260200421, 051701, 002455,   24.1,   2.01,
1260200418, 051701, 002305,   44.7,   2.63,
1260200410, 051701, 001710,   99.5,   1.41,
1260200409, 051701, 001545,  124.2,   1.37,
1260200408, 051701, 001426,  149.4,   0.89,
1260200407, 051701, 001315,  175.6,   0.58,
1270200517, 061401, 035359,    3.7,   1.84,
1270200513, 061401, 035203,   23.3,   1.75,
1270200512, 061401, 035043,   44.4,   2.11,
1270200511, 061401, 034914,   73.4,   1.83,
1270200510, 061401, 034756,   98.6,   1.52,
1270200509, 061401, 034633,  124.6,   1.14,
1270200508, 061401, 034507,  147.9,   0.96,
1270200507, 061401, 034345,  174.0,   0.63,
1270200506, 061401, 034216,  198.8,   0.37,
1280200418, 071101, 035026,    4.0,   1.81,
1280200416, 071101, 034911,   24.9,   1.87,
1280200414, 071101, 034756,   44.0,   1.88,
1280200412, 071101, 034626,   74.2,   1.50,
1280200410, 071101, 034500,   98.8,   1.47,
1280200409, 071101, 034355,  124.3,   1.05,
1280200408, 071101, 034245,  149.5,   0.75,
1280200407, 071101, 034121,  174.3,   0.60,
1280200406, 071101, 033957,  199.5,   0.51,
1290201314, 080901, 004532,    4.6,   1.78,
1290201313, 080901, 004412,   25.1,   2.47,
1290201312, 080901, 004304,   44.3,   2.58,
1290201311, 080901, 004141,   74.5,   2.19,
1290201310, 080901, 004026,   99.2,   1.80,
1290201309, 080901, 003909,  124.0,   1.49,
1290201308, 080901, 003802,  149.7,   0.86,
1290201307, 080901, 003700,  174.7,   0.65,
1290201306, 080901, 003547,  199.6,   0.69,
1300200414, 100201, 004646,    4.7,   2.43,
1300200413, 100201, 004536,   25.1,   2.57,
1300200412, 100201, 004436,   44.9,   2.32,
1300200411, 100201, 004326,   75.9,   2.03,
1300200410, 100201, 004221,  100.0,   1.95,
1300200409, 100201, 004121,  125.1,   1.18,
1300200408, 100201, 004006,  149.6,   0.93,
1300200407, 100201, 003906,  174.3,   0.71,
1310200514, 102301, 040431,    5.0,   3.33,
1310200513, 102301, 040246,   26.5,   3.49,
1310200512, 102301, 040116,   45.4,   3.05,
1310200511, 102301, 035931,   75.5,   1.89,
1310200510, 102301, 035801,  100.1,   1.77,
1310200509, 102301, 035616,  124.7,   0.94,
1310200508, 102301, 035421,  150.1,   0.60,
1310200507, 102301, 034901,  174.3,   0.66,
1320200514, 111701, 035320,    3.9,   2.21,
1320200512, 111701, 035031,   43.6,   2.24,
1320200511, 111701, 034901,   74.1,   1.98,
1320200510, 111701, 034731,   98.9,   1.66,
1320200509, 111701, 034601,  125.2,   1.03,
1320200508, 111701, 034406,  150.9,   0.71,
1320200507, 111701, 034246,  172.4,   0.69,
1320200506, 111701, 034116,  199.3,   0.45,
1330200222, 121501, 092610,    4.3,   1.81,
1330200220, 121501, 092425,   26.2,   1.72,
1330200219, 121501, 092300,   44.6,   1.74,
1330200218, 121501, 092125,   75.7,   1.75,
1330200217, 121501, 091945,   99.7,   1.75,
1330200215, 121501, 091755,  125.7,   0.71,
1330200213, 121501, 091611,  149.1,   0.53,
1330200211, 121501, 091411,  176.3,   0.42,
1330200209, 121501, 091225,  199.5,   0.41,
1340200514, 011602, 035049,    4.9,   2.10,
1340200513, 011602, 034854,   23.7,   1.94,
1340200512, 011602, 034727,   45.0,   1.87,
1340200511, 011602, 034529,   74.3,   2.10,
1340200510, 011602, 034349,   98.6,   1.79,
1340200509, 011602, 034239,  125.7,   1.69,
1340200508, 011602, 034119,  150.3,   1.15,
1340200507, 011602, 034004,  173.6,   0.71,
1340200506, 011602, 033834,  199.0,   0.61,
1350200518, 022102, 035446,    4.5,   1.88,
1350200516, 022102, 035311,   24.5,   2.10,
1350200515, 022102, 035206,   44.2,   1.82,
1350200513, 022102, 035006,   75.8,   1.83,
1350200511, 022102, 034815,   98.9,   1.51,
1350200510, 022102, 034651,  123.8,   0.98,
1350200508, 022102, 034501,  149.2,   0.67,
1350200507, 022102, 034326,  175.4,   0.52,
1350200506, 022102, 034151,  198.1,   0.52,
1360200615, 031302, 034957,    4.6,   1.87,
1360200614, 031302, 034828,   24.6,   2.02,
1360200613, 031302, 034815,   44.5,   2.04,
1360200612, 031302, 034811,   74.8,   2.24,
1360200610, 031302, 034519,   99.8,   1.46,
1360200609, 031302, 034353,  124.3,   1.29,
1360200608, 031302, 034225,  148.5,   0.97,
1360200607, 031302, 034034,  173.9,   0.66,
1360200606, 031302, 033739,  199.5,   0.48,
1370200515, 052102, 035456,    4.3,   1.86,
1370200514, 052102, 035332,   25.2,   1.80,
1370200513, 052102, 035211,   44.9,   2.06,
1370200512, 052102, 035036,   75.1,   1.98,
1370200510, 052102, 034751,  124.3,   1.40,
1370200509, 052102, 034626,  150.5,   0.73,
1370200507, 052102, 034432,  174.2,   0.58,
1380200321, 062902, 215038,    4.4,   1.87,
1380200317, 062902, 214848,   24.0,   1.86,
1380200315, 062902, 214718,   44.3,   2.04,
1380200314, 062902, 214559,   74.0,   2.16,
1380200313, 062902, 214438,   99.4,   1.63,
1380200311, 062902, 214313,  123.8,   1.24,
1380200309, 062902, 214143,  149.4,   0.87,
1380200307, 062902, 214018,  174.6,   0.78,
1380200306, 062902, 213902,  199.4,   0.57,
1390200516, 082802, 041610,    5.0,   2.12,
1390200514, 082802, 041435,   24.2,   2.32,
1390200513, 082802, 041255,   45.6,   2.26,
1390200511, 082802, 041025,   74.5,   2.38,
1390200510, 082802, 040835,  100.4,   1.96,
1390200509, 082802, 040645,  123.0,   1.67,
1390200508, 082802, 040415,  149.6,   1.07,
1390200507, 082802, 040151,  174.8,   0.77,
1400200516, 100702, 041006,    5.3,   2.66,
1400200515, 100702, 040801,   25.7,   2.54,
1400200514, 100702, 040601,   44.9,   2.71,
1400200513, 100702, 040317,   75.2,   2.10,
1400200510, 100702, 035842,  101.0,   1.94,
1400200509, 100702, 035611,  126.1,   1.56,
1400200508, 100702, 035411,  151.3,   0.77,
1400200507, 100702, 035206,  177.0,   0.68,
1410200514, 110402, 035144,    4.9,   1.53,
1410200513, 110402, 035029,   24.6,   2.08,
1410200512, 110402, 034930,   44.6,   2.31,
1410200511, 110402, 034819,   75.1,   2.20,
1410200510, 110402, 034719,   99.9,   1.86,
1410200509, 110402, 034619,  125.3,   1.46,
1410200508, 110402, 034519,  150.0,   0.86,
1410200507, 110402, 034419,  175.3,   0.66,
1410200506, 110402, 034319,  199.4,   0.79,
1420200514, 112502, 035622,    4.0,   1.93,
1420200513, 112502, 035452,   24.8,   2.21,
1420200512, 112502, 035316,   44.9,   1.94,
1420200511, 112502, 035112,   74.1,   1.87,
1420200510, 112502, 034931,   99.4,   1.57,
1420200509, 112502, 034737,  124.8,   0.89,
1420200508, 112502, 034601,  149.9,   0.67,
1420200507, 112502, 034421,  174.3,   0.58,
1420200506, 112502, 034231,  199.4,   0.53,
1430200514, 121902, 035116,    4.9,   1.98,
1430200513, 121902, 034951,   24.7,   1.90,
1430200512, 121902, 034821,   43.8,   2.04,
1430200511, 121902, 034656,   76.1,   1.84,
1430200510, 121902, 034536,  100.3,   1.84,
1430200509, 121902, 034416,  124.4,   1.46,
1430200508, 121902, 034301,  150.1,   0.81,
1430200507, 121902, 034136,  174.9,   0.60,
1430200506, 121902, 034011,  199.5,   0.52,
1440200415, 011703, 034929,    4.4,   1.95,
1440200414, 011703, 034824,   25.0,   2.08,
1440200413, 011703, 034724,   43.3,   2.06,
1440200412, 011703, 034614,   73.7,   1.88,
1440200411, 011703, 034459,  101.0,   1.63,
1440200410, 011703, 034344,  125.6,   0.98,
1440200408, 011703, 034229,  147.9,   0.75,
1440200407, 011703, 034114,  174.2,   0.57,
1440200406, 011703, 033959,  199.5,   0.54,
1450200516, 022603, 040514,    4.8,   1.89,
1450200515, 022603, 040344,   24.0,   1.85,
1450200513, 022603, 040119,   45.0,   2.34,
1450200512, 022603, 035945,   73.5,   1.71,
1450200511, 022603, 035809,   98.7,   1.92,
1450200509, 022603, 035414,  125.6,   1.28,
1450200508, 022603, 035214,  148.3,   0.77,
1450200507, 022603, 035040,  173.1,   0.69,
1450200506, 022603, 034904,  199.0,   0.57,
1460200514, 032903, 040920,    8.9,   2.20,
1460200513, 032903, 040741,   25.4,   2.48,
1460200512, 032903, 040540,   44.2,   2.17,
1460200511, 032903, 040341,   74.9,   2.08,
1460200510, 032903, 040125,   99.9,   1.59,
1460200509, 032903, 035855,  123.6,   1.63,
1460200508, 032903, 035642,  148.8,   1.01,
1460200507, 032903, 035441,  175.4,   0.76,
1470200514, 042403, 035828,    4.1,   2.16,
1470200513, 042403, 035707,   24.9,   1.82,
1470200512, 042403, 035558,   44.1,   2.25,
1470200511, 042403, 035417,   74.8,   2.25,
1470200510, 042403, 035237,   99.4,   1.77,
1470200509, 042403, 035127,  124.2,   1.88,
1470200508, 042403, 034957,  148.6,   1.13,
1470200507, 042403, 034837,  173.5,   0.80,
1470200506, 042403, 034713,  199.0,   0.57,
1480200514, 052103, 035504,    4.2,   2.05,
1480200513, 052103, 035329,   24.3,   2.09,
1480200512, 052103, 035159,   43.9,   2.03,
1480200511, 052103, 035029,   74.2,   2.06,
1480200509, 052103, 034724,  124.9,   1.67,
1480200508, 052103, 034544,  149.8,   1.50,
1480200507, 052103, 034419,  174.7,   0.73,
1480200506, 052103, 034239,  199.5,   0.55,
1490200514, 061903, 035700,    5.0,   2.22,
1490200513, 061903, 035545,   25.0,   2.29,
1490200512, 061903, 035430,   45.0,   2.86,
1490200511, 061903, 035320,   74.3,   2.08,
1490200510, 061903, 035215,   99.8,   1.96,
1490200509, 061903, 035100,  125.1,   1.42,
1490200508, 061903, 034945,  149.6,   1.35,
1490200507, 061903, 034830,  174.9,   0.60,
1490200506, 061903, 034715,  199.6,   0.60,
1500200514, 072003, 035037,    4.4,   2.15,
1500200513, 072003, 034937,   24.3,   2.33,
1500200512, 072003, 034838,   44.2,   2.53,
1500200511, 072003, 034722,   74.3,   2.48,
1500200510, 072003, 034622,   99.2,   1.93,
1500200509, 072003, 034507,  124.1,   1.56,
1500200508, 072003, 034407,  149.6,   0.79,
1500200507, 072003, 034252,  175.9,   0.52,
1510200517, 082103, 035547,    4.9,   2.14,
1510200516, 082103, 035436,   24.4,   2.14,
1510200515, 082103, 035321,   44.4,   2.43,
1510200514, 082103, 035151,   74.2,   2.52,
1510200510, 082103, 034907,  100.2,   2.24,
1510200509, 082103, 034717,  124.3,   1.35,
1510200508, 082103, 034611,  149.6,   0.88,
1510200507, 082103, 034501,  175.0,   0.77,
1520200514, 101503, 041900,    4.3,   2.37,
1520200513, 101503, 041725,   23.7,   2.62,
1520200512, 101503, 041600,   44.4,   2.32,
1520200511, 101503, 041420,   75.0,   2.48,
1520200510, 101503, 041300,   99.4,   1.72,
1520200509, 101503, 041135,  125.1,   1.19,
1520200508, 101503, 041010,  150.6,   0.73,
1520200507, 101503, 040835,  175.5,   0.56,
1520200506, 101503, 040705,  199.1,   0.53,
1530200514, 111003, 040250,    5.3,   1.97,
1530200513, 111003, 040100,   25.7,   2.03,
1530200512, 111003, 035830,   45.7,   1.98,
1530200511, 111003, 035550,   76.8,   1.89,
1530200510, 111003, 035335,  101.2,   1.71,
1530200509, 111003, 035150,  125.3,   1.30,
1530200508, 111003, 034945,  150.2,   0.89,
1530200507, 111003, 034805,  174.4,   0.77,
1540200414, 122003, 040311,    4.4,   2.23,
1540200413, 122003, 040239,   23.1,   1.89,
1540200412, 122003, 040039,   45.0,   1.90,
1540200411, 122003, 035823,   75.0,   1.69,
1540200410, 122003, 035637,   99.0,   1.48,
1540200409, 122003, 035449,  124.7,   0.82,
1540200408, 122003, 035309,  148.8,   0.56,
1540200407, 122003, 035140,  167.3,   0.46,
1540200406, 122003, 034945,  198.4,   0.40,
1550200514, 012204, 035701,    4.4,   1.83,
1550200513, 012204, 035545,   23.5,   1.72,
1550200512, 012204, 035430,   43.6,   1.97,
1550200511, 012204, 035305,   73.3,   1.81,
1550200510, 012204, 035140,   99.6,   1.72,
1550200509, 012204, 035025,  123.5,   1.35,
1550200508, 012204, 034900,  148.7,   0.83,
1550200507, 012204, 034745,  173.7,   0.62,
1550200506, 012204, 034620,  197.3,   0.53,
1560200514, 022504, 034517,    4.0,   1.48,
1560200513, 022504, 034411,   23.8,   1.63,
1560200512, 022504, 034307,   44.1,   1.50,
1560200511, 022504, 034156,   74.5,   1.75,
1560200510, 022504, 034051,   99.5,   1.56,
1560200509, 022504, 033936,  125.0,   1.11,
1560200508, 022504, 033831,  147.2,   0.68,
1560200507, 022504, 033721,  173.9,   0.50,
1560200506, 022504, 033611,  199.5,   0.38,
1570200514, 032004, 041051,    3.3,   1.57,
1570200513, 032004, 040906,   25.1,   1.43,
1570200512, 032004, 040732,   43.4,   1.76,
1570200511, 032004, 040537,   76.0,   1.48,
1570200510, 032004, 040341,   99.9,   1.55,
1570200509, 032004, 040201,  124.7,   1.52,
1570200508, 032004, 040016,  148.4,   1.10,
1570200507, 032004, 035836,  173.7,   0.66,
1570200506, 032004, 035642,  199.8,   0.55,
1580200514, 042104, 040221,    4.1,   2.24,
1580200513, 042104, 040041,   24.4,   2.41,
1580200512, 042104, 035907,   44.4,   2.12,
1580200511, 042104, 035721,   74.4,   2.07,
1580200510, 042104, 035541,   99.4,   2.05,
1580200509, 042104, 035411,  124.5,   1.69,
1580200508, 042104, 035241,  148.7,   1.45,
1580200507, 042104, 035112,  174.6,   0.86,
1580200506, 042104, 034912,  198.7,   0.81,
1590200514, 051904, 035102,    4.1,   2.61,
1590200513, 051904, 034942,   23.9,   2.38,
1590200512, 051904, 034843,   43.7,   2.51,
1590200511, 051904, 034658,   73.9,   2.39,
1590200510, 051904, 034523,   98.9,   2.28,
1590200509, 051904, 034358,  124.4,   1.87,
1590200508, 051904, 034233,  150.8,   1.06,
1590200507, 051904, 034123,  174.7,   0.95,
1600200614, 061604, 034718,    4.1,   2.31,
1600200613, 061604, 034557,   24.5,   2.56,
1600200612, 061604, 034453,   43.5,   3.54,
1600200611, 061604, 034342,   73.7,   2.02,
1600200610, 061604, 034222,   99.1,   1.67,
1600200609, 061604, 034122,  123.9,   1.51,
1600200608, 061604, 034012,  149.2,   0.99,
1600200607, 061604, 033912,  174.3,   0.79,
1610200423, 071404, 015234,    4.9,   3.14,
1610200420, 071404, 015043,   24.8,   3.59,
1610200417, 071404, 014834,   43.1,   2.58,
1610200414, 071404, 014653,   74.9,   2.17,
1610200411, 071404, 014503,   99.8,   1.89,
1610200408, 071404, 014304,  125.8,   1.90,
1610200405, 071404, 014113,  149.3,   1.28,
1610200402, 071404, 013913,  174.6,   0.84,
1620200619, 081604, 035832,    4.5,   3.00,
1620200617, 081604, 035520,   45.0,   3.43,
1620200616, 081604, 035335,   75.0,   2.08,
1620200615, 081604, 035157,   99.5,   2.00,
1620200609, 081604, 034852,  123.8,   1.74,
1620200608, 081604, 034622,  150.6,   1.05,
1620200607, 081604, 034437,  174.9,   0.79,
1630200619, 092904, 034951,    5.1,   1.96,
1630200618, 092904, 034840,   25.0,   2.02,
1630200617, 092904, 034710,   44.0,   2.05,
1630200616, 092904, 034550,   75.1,   1.99,
1630200615, 092904, 034420,   99.9,   1.76,
1630200609, 092904, 034210,  124.3,   1.50,
1630200608, 092904, 034050,  149.2,   1.10,
1630200607, 092904, 033930,  174.7,   0.76,
1640200514, 103104, 035051,    4.9,   1.79,
1640200513, 103104, 034903,   25.8,   1.82,
1640200512, 103104, 034742,   45.5,   2.60,
1640200510, 103104, 034522,   98.5,   1.76,
1640200509, 103104, 034408,  124.9,   1.08,
1640200508, 103104, 034246,  150.1,   0.88,
1640200507, 103104, 034121,  176.3,   0.63,
1650201217, 112804, 215356,    5.0,   1.78,
1650201215, 112804, 215226,   24.8,   1.89,
1650201213, 112804, 215106,   45.1,   1.92,
1650201211, 112804, 214936,   75.2,   1.93,
1650201210, 112804, 214816,  100.1,   1.23,
1650201209, 112804, 214656,  124.6,   1.17,
1650201208, 112804, 214545,  150.7,   0.66,
1650201207, 112804, 214430,  175.0,   0.54,
1650201206, 112804, 214317,  199.8,   0.61,
1660201317, 122104, 215111,    4.0,   1.84,
1660201315, 122104, 214951,   24.5,   1.78,
1660201313, 122104, 214826,   44.9,   1.77,
1660201311, 122104, 214652,   75.3,   1.59,
1660201310, 122104, 214532,   97.8,   1.30,
1660201309, 122104, 214411,  123.8,   0.98,
1660201308, 122104, 214251,  149.8,   0.55,
1660201307, 122104, 214131,  175.2,   0.72,
1670201114, 020205, 201015,    4.8,   1.42,
1670201113, 020205, 200851,   25.2,   1.40,
1670201112, 020205, 200710,   44.9,   1.63,
1670201111, 020205, 200536,   73.7,   1.64,
1670201110, 020205, 200355,  101.6,   1.37,
1670201109, 020205, 200231,  123.6,   1.11,
1670201108, 020205, 200115,  149.0,   0.70,
1670201107, 020205, 200001,  175.2,   0.50,
1670201106, 020205, 195831,  200.0,   0.46,
1680201114, 030505, 190404,    5.1,   1.63,
1680201113, 030505, 190225,   25.3,   1.64,
1680201112, 030505, 190055,   44.6,   1.46,
1680201111, 030505, 185915,   73.5,   1.55,
1680201110, 030505, 185655,  100.0,   1.56,
1680201109, 030505, 185525,  125.2,   0.96,
1680201108, 030505, 185355,  150.7,   0.64,
1680201107, 030505, 185235,  173.0,   0.60,
1680201106, 030505, 184840,  199.4,   0.39,
1690200719, 051805, 161020,    7.4,   1.75,
1690200718, 051805, 160744,   24.8,   1.98,
1690200717, 051805, 160634,   45.5,   2.18,
1690200716, 051805, 160519,   75.1,   1.99,
1690200715, 051805, 160359,  100.5,   1.35,
1690200714, 051805, 160239,  124.6,   1.34,
1690200713, 051805, 160129,  148.9,   1.01,
1690200712, 051805, 160014,  174.2,   0.79,
1690200710, 051805, 155849,  199.6,   0.59,
1700201223, 061605, 010206,   12.0,   2.04,
1700201222, 061605, 010037,   24.3,   2.07,
1700201221, 061605, 005902,   45.2,   2.50,
1700201220, 061605, 005716,   73.7,   2.23,
1700201219, 061605, 005534,  100.0,   1.95,
1700201218, 061605, 005327,  124.2,   2.28,
1700201217, 061605, 005146,  150.0,   1.01,
1700201216, 061605, 004921,  174.3,   0.85,
1700201215, 061605, 004737,  199.5,   0.72,
1710201423, 071805, 013455,    4.9,   2.08,
1710201421, 071805, 013334,   25.3,   2.35,
1710201414, 071805, 013007,   45.5,   2.21,
1710201412, 071805, 012824,   74.5,   2.24,
1710201411, 071805, 012654,  100.3,   1.92,
1710201410, 071805, 012524,  125.0,   1.66,
1710201409, 071805, 012359,  150.3,   1.25,
1710201408, 071805, 012229,  174.7,   0.81,
1720201319, 081505, 012545,    4.8,   1.91,
1720201317, 081505, 012336,   24.5,   1.71,
1720201314, 081505, 012152,   45.1,   2.04,
1720201312, 081505, 011953,   74.3,   1.90,
1720201311, 081505, 011838,   99.9,   1.52,
1720201309, 081505, 011708,  124.5,   1.69,
1720201308, 081505, 011546,  150.5,   1.18,
1720201307, 081505, 011402,  175.5,   0.79,
1720201306, 081505, 011226,  199.4,   0.59,
1730201320, 091105, 005245,    9.9,   3.21,
1730201318, 091105, 005110,   24.1,   3.25,
1730201316, 091105, 004955,   44.9,   3.76,
1730201314, 091105, 004835,   73.3,   2.00,
1730201312, 091105, 004715,  100.6,   1.64,
1730201310, 091105, 004555,  124.7,   1.14,
1730201308, 091105, 004435,  149.1,   1.04,
1730201307, 091105, 004315,  174.4,   0.76,
1730201306, 091105, 004205,  198.9,   0.61,
1740201121, 100905, 054717,    9.2,   2.62,
1740201119, 100905, 054339,   23.2,   2.31,
1740201117, 100905, 054135,   43.0,   2.42,
1740201115, 100905, 053949,   73.4,   2.95,
1740201113, 100905, 053808,   99.3,   1.68,
1740201112, 100905, 053636,  124.1,   1.54,
1740201110, 100905, 053445,  149.4,   1.10,
1740201108, 100905, 053215,  173.8,   0.71,
1750201424, 111305, 013625,    5.9,   2.00,
1750201418, 111305, 013212,   25.1,   2.11,
1750201416, 111305, 012927,   45.6,   2.02,
1750201412, 111305, 012525,   75.0,   2.00,
1750201410, 111305, 012325,  100.2,   1.92,
1750201409, 111305, 012125,  125.0,   1.54,
1750201408, 111305, 011931,  149.8,   1.03,
1750201407, 111305, 011750,  174.3,   0.99,
1760201314, 121405, 005729,    5.0,   1.82,
1760201313, 121405, 005554,   25.7,   2.01,
1760201312, 121405, 005444,   45.8,   2.27,
1760201311, 121405, 005248,   76.0,   2.39,
1760201310, 121405, 005059,  100.5,   1.90,
1760201309, 121405, 004924,  125.2,   1.43,
1760201308, 121405, 004744,  150.1,   0.80,
1760201307, 121405, 004614,  175.8,   0.76,
1760201306, 121405, 004455,  198.5,   0.71,
1770200420, 012506, 154757,    8.9,   1.74,
1770200419, 012506, 154607,   25.3,   1.94,
1770200418, 012506, 154434,   45.2,   1.63,
1770200417, 012506, 154302,   74.0,   2.00,
1770200416, 012506, 154127,  101.4,   2.20,
1770200415, 012506, 153957,  125.0,   1.95,
1770200414, 012506, 153827,  151.6,   1.38,
1770200413, 012506, 153647,  175.6,   0.92,
1770200412, 012506, 153517,  197.8,   1.51,
1780201324, 021606, 020000,    7.6,   1.82,
1780201323, 021606, 015750,   22.4,   1.48,
1780201322, 021606, 015545,   43.1,   2.06,
1780201321, 021606, 015405,   76.1,   1.82,
1780201320, 021606, 015226,  101.3,   1.67,
1780201309, 021606, 014625,  125.3,   1.10,
1780201308, 021606, 014455,  147.1,   0.59,
1780201307, 021606, 014320,  173.4,   0.60,
1790200624, 030906, 195553,    6.6,   1.99,
1790200623, 030906, 195438,   24.0,   2.15,
1790200612, 030906, 194728,   44.8,   1.92,
1790200611, 030906, 194603,   76.4,   1.57,
1790200610, 030906, 194434,  101.6,   1.70,
1790200609, 030906, 194304,  125.2,   1.46,
1790200608, 030906, 194133,  151.7,   0.92,
1790200607, 030906, 193953,  176.8,   0.68,
1800201313, 040306, 010355,   25.1,   2.45,
1800201312, 040306, 010225,   45.4,   2.39,
1800201311, 040306, 010056,   74.3,   2.11,
1800201310, 040306, 005945,  100.8,   1.55,
1800201309, 040306, 005836,  125.3,   0.83,
1800201308, 040306, 005731,  149.6,   0.93,
1800201307, 040306, 005616,  174.4,   1.00,
1800201306, 040306, 005456,  199.7,   0.61,
1810201414, 052806, 010305,    8.4,   2.48,
1810201413, 052806, 010004,   25.1,   2.60,
1810201412, 052806, 005845,   46.2,   2.47,
1810201411, 052806, 005725,   76.4,   1.77,
1810201410, 052806, 005545,  100.3,   3.02,
1810201409, 052806, 005434,  124.3,   1.83,
1810201408, 052806, 005315,  150.9,   1.22,
1810201407, 052806, 005154,  175.4,   0.66,
1810201406, 052806, 005034,  199.4,   0.48,
1820201118, 061506, 014634,    8.0,   2.14,
1820201117, 061506, 014254,   25.6,   2.21,
1820201116, 061506, 014105,   45.2,   2.75,
1820201115, 061506, 013824,   76.0,   2.32,
1820201113, 061506, 013626,  101.2,   2.07,
1820201111, 061506, 013405,  124.8,   1.30,
1820201109, 061506, 013134,  151.0,   0.70,
1820201108, 061506, 012930,  175.8,   0.56,
1830201414, 071406, 010608,    7.6,   1.73,
1830201413, 071406, 005922,   25.4,   2.39,
1830201412, 071406, 005808,   44.7,   2.46,
1830201411, 071406, 005642,   74.9,   2.28,
1830201410, 071406, 005532,  100.5,   0.99,
1830201409, 071406, 005422,  125.1,   1.59,
1830201408, 071406, 005307,  150.3,   0.85,
1830201407, 071406, 005137,  174.0,   0.72,
1840201424, 081006, 005833,    6.5,   2.19,
1840201423, 081006, 005601,   25.4,   2.37,
1840201412, 081006, 005241,   45.0,   2.76,
1840201411, 081006, 005051,   75.7,   2.60,
1840201410, 081006, 004911,  100.9,   2.00,
1840201409, 081006, 004726,  125.5,   1.29,
1840201408, 081006, 004600,  150.1,   0.90,
1840201407, 081006, 004440,  175.0,   0.65,
1850201314, 091706, 005716,    5.5,   1.09,
1850201313, 091706, 005613,   25.7,   1.39,
1850201312, 091706, 005506,   45.1,   1.94,
1850201311, 091706, 005350,   75.3,   2.21,
1850201310, 091706, 005150,  100.2,   1.77,
1850201309, 091706, 005029,  125.2,   1.69,
1850201308, 091706, 004847,  149.9,   0.77,
1850201307, 091706, 004655,  175.6,   0.54,
1850201306, 091706, 004529,  199.8,   0.45,
1860202220, 102206, 010426,    7.4,   2.58,
1860202218, 102206, 010212,   26.1,   2.89,
1860202216, 102206, 005841,   46.2,   2.81,
1860202214, 102206, 005707,   74.5,   2.34,
1860202211, 102206, 005527,  101.1,   1.73,
1860202210, 102206, 005417,  126.3,   1.14,
1860202209, 102206, 005252,  151.0,   0.68,
1860202208, 102206, 005137,  173.6,   0.55,
1860202207, 102206, 005022,  198.9,   0.53,
1870201314, 111006, 014142,    8.0,   2.14,
1870201313, 111006, 013946,   26.2,   1.84,
1870201312, 111006, 013744,   44.9,   2.39,
1870201311, 111006, 013521,   76.4,   1.93,
1870201310, 111006, 013301,  100.7,   1.65,
1870201309, 111006, 013043,  125.9,   0.87,
1870201308, 111006, 012837,  150.1,   0.61,
1870201307, 111006, 012630,  175.5,   0.64,
1880201323, 121106, 015705,    6.7,   1.97,
1880201322, 121106, 015442,   25.6,   1.88,
1880201321, 121106, 015329,   45.6,   1.90,
1880201320, 121106, 015159,   74.7,   1.78,
1880201318, 121106, 015030,  100.6,   1.76,
1880201317, 121106, 014900,  125.6,   1.27,
1880201316, 121106, 014731,  151.0,   1.08,
1880201315, 121106, 014611,  175.6,   0.53,
1880201313, 121106, 014302,  199.7,   0.48,
1890201414, 020807, 014007,    4.9,   1.80,
1890201413, 020807, 013843,   24.7,   2.10,
1890201412, 020807, 013712,   44.7,   1.93,
1890201411, 020807, 013518,   74.8,   1.66,
1890201410, 020807, 013323,  100.2,   1.67,
1890201408, 020807, 012943,  149.5,   0.62,
1890201407, 020807, 012747,  175.7,   0.51,
1890201406, 020807, 012558,  199.4,   0.39,
1900201414, 032207, 005254,    4.8,   2.20,
1900201413, 032207, 005144,   25.6,   1.97,
1900201412, 032207, 005043,   44.7,   2.48,
1900201411, 032207, 004922,   76.0,   1.71,
1900201410, 032207, 004817,   98.6,   1.99,
1900201409, 032207, 004700,  124.4,   1.33,
1900201408, 032207, 004555,  150.2,   0.90,
1900201407, 032207, 004443,  175.0,   0.53,
1910201424, 050607, 005349,    7.1,   2.00,
1910201421, 050607, 005039,   25.1,   2.21,
1910201419, 050607, 004933,   45.3,   2.17,
1910201417, 050607, 004813,   75.5,   2.01,
1910201415, 050607, 004658,  100.3,   1.95,
1910201413, 050607, 004537,  125.7,   1.47,
1910201411, 050607, 004427,  149.4,   1.40,
1910201409, 050607, 004307,  174.4,   0.92,
1910201407, 050607, 004157,  199.9,   0.50,
1930201118, 070907, 010150,    7.3,   2.37,
1930201117, 070907, 005854,   24.9,   2.01,
1930201116, 070907, 005719,   44.8,   2.55,
1930201115, 070907, 005545,   75.3,   1.20,
1930201114, 070907, 005400,   99.9,   1.00,
1930201113, 070907, 005229,  125.3,   1.32,
1930201112, 070907, 005054,  150.1,   0.77,
1930201111, 070907, 004905,  175.2,   0.60,
1940201224, 080507, 012945,    7.3,   2.18,
1940201223, 080507, 012805,   25.2,   2.33,
1940201222, 080507, 012520,   45.0,   2.27,
1940201216, 080507, 012246,   74.3,   2.45,
1940201209, 080507, 011841,  124.7,   1.51,
1940201208, 080507, 011706,  150.7,   1.06,
1940201207, 080507, 011521,  175.2,   0.73,
1950201323, 090407, 010015,   27.1,   2.90,
1950201322, 090407, 005831,   47.2,   2.70,
1950201316, 090407, 005606,   77.5,   2.21,
1950201315, 090407, 005415,  100.2,   1.64,
1950201309, 090407, 005216,  125.8,   0.71,
1950201308, 090407, 005040,  150.2,   0.61,
1950201307, 090407, 004920,  175.0,   0.65,
1960200524, 100307, 005448,    5.2,   2.20,
1960200523, 100307, 005328,   25.0,   2.07,
1960200522, 100307, 005218,   44.4,   2.39,
1960200516, 100307, 005028,   74.7,   2.03,
1960200515, 100307, 004908,   98.7,   2.08,
1960200509, 100307, 004718,  125.1,   1.46,
1960200508, 100307, 004605,  151.6,   0.94,
1960200507, 100307, 004418,  174.5,   0.68,
1960200506, 100307, 004257,  199.5,   0.66,
1970200524, 120207, 025432,    8.3,   2.08,
1970200523, 120207, 025138,   25.6,   2.21,
1970200516, 120207, 024612,   76.3,   2.04,
1970200509, 120207, 024013,  125.5,   1.15,
1970200508, 120207, 023744,  149.8,   0.72,
1970200507, 120207, 023552,  175.6,   0.59,
1980200624, 122107, 012502,    6.5,   1.90,
1980200623, 122107, 012237,   26.4,   2.05,
1980200622, 122107, 012121,   45.5,   1.42,
1980200616, 122107, 011855,   75.9,   1.59,
1980200615, 122107, 011709,   99.9,   1.46,
1980200609, 122107, 011440,  124.9,   1.30,
1980200608, 122107, 011305,  149.7,   0.91,
1980200607, 122107, 011136,  175.1,   0.61,
1990200524, 013008, 014714,    6.6,   2.26,
1990200523, 013008, 014413,   25.3,   1.95,
1990200522, 013008, 014248,   45.3,   2.05,
1990200516, 013008, 014029,   75.0,   2.03,
1990200515, 013008, 013858,  100.4,   1.88,
1990200509, 013008, 013638,  126.6,   1.37,
1990200508, 013008, 013508,  148.8,   0.89,
1990200507, 013008, 013328,  173.2,   0.50,
1990200506, 013008, 013143,  199.6,   0.41,
2000200523, 022408, 010929,    6.4,   1.91,
2000200520, 022408, 010629,   24.3,   2.18,
2000200518, 022408, 010359,   45.6,   1.92,
2000200516, 022408, 010133,   75.5,   1.94,
2000200514, 022408, 005903,   99.7,   1.87,
2000200512, 022408, 005707,  123.8,   1.70,
2000200510, 022408, 005450,  150.9,   1.01,
2000200508, 022408, 005209,  177.1,   0.50,
2010200521, 052808, 012420,   24.7,   2.41,
2010200519, 052808, 012252,   44.7,   2.09,
2010200517, 052808, 012105,   75.1,   2.00,
2010200515, 052808, 011940,  100.2,   1.57,
2010200513, 052808, 011805,  125.9,   0.89,
2010200510, 052808, 011510,  150.9,   0.72,
2010200508, 052808, 011330,  176.1,   0.54,
2020200523, 062608, 010513,    7.0,   2.61,
2020200521, 062608, 010202,   24.8,   2.43,
2020200519, 062608, 010003,   44.6,   2.45,
2020200517, 062608, 005743,   74.6,   2.10,
2020200515, 062608, 005548,  100.0,   1.74,
2020200513, 062608, 005353,  125.1,   1.44,
2020200510, 062608, 005043,  149.6,   0.81,
2020200508, 062608, 004828,  174.5,   0.55,
2020200506, 062608, 004638,  199.7,   0.56,
2030200623, 072708, 014111,    5.7,   2.24,
2030200620, 072708, 013741,   25.0,   2.16,
2030200618, 072708, 013545,   45.0,   3.04,
2030200616, 072708, 013345,   75.2,   2.34,
2030200614, 072708, 013131,  100.0,   1.79,
2030200611, 072708, 012901,  125.2,   1.43,
2030200609, 072708, 012700,  150.4,   0.88,
2030200607, 072708, 012507,  174.9,   0.68,
2040200521, 081708, 010023,    7.1,   2.47,
2040200519, 081708, 005753,   24.8,   2.58,
2040200517, 081708, 005618,   45.4,   2.47,
2040200515, 081708, 005418,   75.2,   2.34,
2040200513, 081708, 005223,  100.6,   1.97,
2040200511, 081708, 005033,  125.0,   1.50,
2040200509, 081708, 004848,  151.0,   0.89,
2040200507, 081708, 004653,  174.7,   0.72,
2040200506, 081708, 004503,  199.6,   0.64,
2050200523, 101108, 010517,    7.1,   2.98,
2050200520, 101108, 010157,   25.3,   3.19,
2050200517, 101108, 010002,   45.3,   2.84,
2050200515, 101108, 005752,   75.0,   2.75,
2050200513, 101108, 005602,   99.7,   1.73,
2050200511, 101108, 005423,  126.1,   1.24,
2050200509, 101108, 005222,  149.4,   0.75,
2050200507, 101108, 005032,  175.3,   0.47,
2050200506, 101108, 004852,  199.3,   0.58,
2060200523, 120108, 025347,    9.7,   2.27,
2060200521, 120108, 024944,   25.3,   2.29,
2060200517, 120108, 024749,   44.7,   2.23,
2060200515, 120108, 024609,   74.8,   2.10,
2060200513, 120108, 024433,   99.8,   1.61,
2060200511, 120108, 024309,  123.7,   1.05,
2060200509, 120108, 024134,  148.1,   0.69,
2060200507, 120108, 024004,  175.2,   0.51,
2080200521, 012109, 021658,    7.3,   1.84,
2080200519, 012109, 021214,   25.3,   1.83,
2080200517, 012109, 021010,   45.1,   1.69,
2080200515, 012109, 020703,   75.7,   1.59,
2080200513, 012109, 020433,  100.3,   1.18,
2080200511, 012109, 020204,  124.9,   0.94,
2080200509, 012109, 015946,  150.7,   0.66,
2080200507, 012109, 015714,  174.9,   0.52,
2090200524, 021809, 022752,   10.0,   2.64,
2090200523, 021809, 022629,   29.1,   1.83,
2090200520, 021809, 022313,   43.6,   1.79,
2090200519, 021809, 022124,   74.9,   1.92,
2090200518, 021809, 021934,  100.1,   1.56,
2090200517, 021809, 021744,  125.4,   1.33,
2090200508, 021809, 021444,  149.8,   0.85,
2090200507, 021809, 021304,  174.6,   0.57,
2090200506, 021809, 021114,  199.5,   0.48,
2100200523, 042909, 010942,    5.3,   1.67,
2100200520, 042909, 010657,   25.0,   2.08,
2100200518, 042909, 010447,   45.6,   2.11,
2100200516, 042909, 010227,   75.7,   1.73,
2100200514, 042909, 010027,  100.2,   2.16,
2100200511, 042909, 005706,  125.4,   1.45,
2100200509, 042909, 005437,  149.8,   0.96,
2100200507, 042909, 005237,  175.1,   0.61,
2110200523, 052809, 013900,    5.2,   2.16,
2110200520, 052809, 013700,   25.1,   1.86,
2110200517, 052809, 013516,   45.4,   1.92,
2110200515, 052809, 013317,   75.8,   1.85,
2110200513, 052809, 013126,  101.2,   1.54,
2110200511, 052809, 012946,  125.3,   1.30,
2110200509, 052809, 012800,  151.8,   1.02,
2110200507, 052809, 012536,  175.4,   0.88,
2120200623, 070409, 032107,    7.4,   1.97,
2120200621, 070409, 031845,   25.7,   2.01,
2120200620, 070409, 031626,   45.0,   2.12,
2120200619, 070409, 031420,   74.9,   2.16,
2120200617, 070409, 030955,   99.5,   1.79,
2120200615, 070409, 030745,  123.7,   1.42,
2120200613, 070409, 030520,  148.7,   0.98,
2120200611, 070409, 030215,  175.1,   0.79,
2130200624, 072509, 161507,    8.0,   2.07,
2130200613, 072509, 161112,   25.0,   1.95,
2130200612, 072509, 160927,   46.3,   2.12,
2130200611, 072509, 160757,   75.6,   2.43,
2130200610, 072509, 160632,   99.7,   1.96,
2130200609, 072509, 160457,  125.0,   1.37,
2130200608, 072509, 160337,  150.1,   0.86,
2130200607, 072509, 160207,  174.9,   0.84,
2130200606, 072509, 160022,  199.6,   0.86,
2140200522, 081909, 021433,    6.0,   2.51,
2140200519, 081909, 020950,   26.7,   2.79,
2140200516, 081909, 020603,   45.7,   3.02,
2140200513, 081909, 020158,   72.7,   3.15,
2140200511, 081909, 015958,  100.5,   2.27,
2140200509, 081909, 015659,  124.8,   1.53,
2140200508, 081909, 015458,  150.3,   1.24,
2140200507, 081909, 015128,  175.7,   0.98,
2150200617, 092509, 013238,    5.4,   2.16,
2150200615, 092509, 013058,   25.8,   2.30,
2150200614, 092509, 012918,   45.1,   2.25,
2150200613, 092509, 012748,   74.4,   1.70,
2150200611, 092509, 012608,  100.5,   1.63,
2150200610, 092509, 012438,  125.2,   0.77,
2150200608, 092509, 012258,  151.8,   0.65,
2150200607, 092509, 012128,  175.0,   0.61,
2150200606, 092509, 011958,  199.7,   0.51,
2160200515, 110409, 015409,    4.9,   2.15,
2160200514, 110409, 015234,   24.8,   2.08,
2160200513, 110409, 015050,   46.2,   1.98,
2160200511, 110409, 014915,   72.9,   2.06,
2160200510, 110409, 014740,  105.8,   1.73,
2160200509, 110409, 014558,  130.0,   1.27,
2160200508, 110409, 014425,  151.8,   2.30,
2160200507, 110409, 014300,  171.9,   1.62,
2160200506, 110409, 014144,  196.6,   0.48,
2170200616, 121009, 005125,    5.5,   1.75,
2170200614, 121009, 005005,   25.0,   1.90,
2170200612, 121009, 004845,   45.6,   2.00,
2170200611, 121009, 004724,   75.2,   1.79,
2170200610, 121009, 004553,   99.3,   1.79,
2170200609, 121009, 004423,  123.3,   1.31,
2170200608, 121009, 004312,  149.8,   0.82,
2170200607, 121009, 004155,  173.5,   0.80,
2190200322, 031010, 012938,    5.8,   1.82,
2190200320, 031010, 012754,   25.3,   4.94,
2190200318, 031010, 012623,   45.1,   1.69,
2190200315, 031010, 012353,   80.1,   1.64,
2190200313, 031010, 012209,   93.3,   3.62,
2190200311, 031010, 012024,  128.6,   1.70,
2190200310, 031010, 011820,  155.5,   1.08,
2190200309, 031010, 011454,  179.1,   1.18,
2200200516, 040710, 005850,    5.0,   1.68,
2200200515, 040710, 005740,   24.8,   1.94,
2200200513, 040710, 005625,   45.5,   2.15,
2200200512, 040710, 005456,   75.5,   2.09,
2200200510, 040710, 005326,  101.5,   1.79,
2200200509, 040710, 005207,  125.1,   1.63,
2200200508, 040710, 005052,  149.1,   0.80,
2200200507, 040710, 004938,  175.3,   0.74,
2210200619, 051910, 011901,    7.8,   2.19,
2210200616, 051910, 011521,   24.7,   2.27,
2210200615, 051910, 011356,   45.2,   2.29,
2210200612, 051910, 011125,   74.8,   2.19,
2210200610, 051910, 010951,   99.4,   1.77,
2210200609, 051910, 010832,  124.0,   1.22,
2210200608, 051910, 010707,  149.4,   1.00,
2210200607, 051910, 010546,  174.9,   0.77,
2220200618, 060910, 005739,    5.6,   2.32,
2220200616, 060910, 005626,   24.4,   2.26,
2220200615, 060910, 005505,   45.6,   2.29,
2220200612, 060910, 005241,   75.8,   2.99,
2220200610, 060910, 005113,  101.7,   2.11,
2220200609, 060910, 005007,  123.8,   1.53,
2220200608, 060910, 004855,  149.2,   1.30,
2220200607, 060910, 004734,  178.0,   0.89,
2230200619, 070910, 025130,    4.7,   2.62,
2230200617, 070910, 024858,   25.1,   2.57,
2230200616, 070910, 024630,   45.7,   2.30,
2230200614, 070910, 024409,   75.1,   2.31,
2230200612, 070910, 024204,   99.7,   3.06,
2230200611, 070910, 024000,  124.8,   1.29,
2230200609, 070910, 023749,  150.0,   0.64,
2230200608, 070910, 023549,  175.9,   0.49,
2230200607, 070910, 023356,  199.8,   0.59,
2240200621, 080810, 011852,    6.7,   2.12,
2240200617, 080810, 011502,   24.7,   2.58,
2240200616, 080810, 011334,   44.5,   2.27,
2240200615, 080810, 011208,   74.5,   2.16,
2240200614, 080810, 011040,   99.6,   2.46,
2240200613, 080810, 010852,  125.2,   1.72,
2240200611, 080810, 010658,  150.6,   1.04,
2240200610, 080810, 010504,  175.4,   0.87,
2250200617, 090410, 050222,    6.6,   2.35,
2250200615, 090410, 045927,   25.3,   2.31,
2250200613, 090410, 045622,   45.0,   2.34,
2250200611, 090410, 045256,   74.6,   2.25,
2250200610, 090410, 045058,   99.6,   1.70,
2250200609, 090410, 044900,  125.3,   1.06,
2250200608, 090410, 044632,  150.7,   0.72,
2250200607, 090410, 044353,  175.3,   0.62,
2250200606, 090410, 044107,  200.0,   0.52,
2260200614, 100410, 005827,    5.8,   2.66,
2260200613, 100410, 005617,   26.3,   2.73,
2260200612, 100410, 005403,   45.5,   2.59,
2260200611, 100410, 005131,   75.3,   2.63,
2260200610, 100410, 004927,  100.7,   2.05,
2260200609, 100410, 004717,  125.7,   1.45,
2260200608, 100410, 004400,  150.4,   0.77,
2260200607, 100410, 004218,  175.2,   0.26,
2260200606, 100410, 004026,  199.7,   0.59,
2270200724, 112210, 020424,    4.8,   3.74,
2270200722, 112210, 020314,   24.8,   1.80,
2270200721, 112210, 020217,   43.9,   1.86,
2270200720, 112210, 020048,   74.4,   1.60,
2270200719, 112210, 015938,  100.3,   1.64,
2270200717, 112210, 015805,  124.6,   0.99,
2270200715, 112210, 015653,  150.5,   2.95,
2270200713, 112210, 015545,  175.0,   1.01,
2290200514, 012911, 010332,    5.5,   1.78,
2290200513, 012911, 010036,   25.9,   1.80,
2290200512, 012911, 005852,   45.2,   2.17,
2290200511, 012911, 005702,   76.4,   2.05,
2290200510, 012911, 005522,   99.7,   1.43,
2290200509, 012911, 005350,  125.1,   1.01,
2290200508, 012911, 005237,  150.2,   0.61,
2290200507, 012911, 005109,  174.9,   0.89,
2300200521, 030111, 012516,    7.1,   1.95,
2300200519, 030111, 012251,   25.1,   1.95,
2300200517, 030111, 012110,   46.5,   1.81,
2300200515, 030111, 011915,   75.3,   1.52,
2300200513, 030111, 011725,   99.8,   1.64,
2300200511, 030111, 011530,  125.3,   1.07,
2300200509, 030111, 011345,  150.1,   1.44,
2300200507, 030111, 011156,  175.6,   0.91,
2300200506, 030111, 011005,  199.3,   0.53,
2310200522, 041211, 054514,    8.6,   2.15,
2310200520, 041211, 054251,   24.7,   2.11,
2310200519, 041211, 054107,   44.6,   2.08,
2310200518, 041211, 053912,   75.1,   2.23,
2310200517, 041211, 053707,   99.8,   1.76,
2310200515, 041211, 053512,  126.3,   1.72,
2310200513, 041211, 053317,  151.9,   1.15,
2310200511, 041211, 053112,  175.3,   0.83,
2310200509, 041211, 052907,  199.5,   0.77,
2320200516, 051011, 005926,    5.3,   2.51,
2320200515, 051011, 005811,   25.7,   2.28,
2320200514, 051011, 005707,   44.3,   2.33,
2320200513, 051011, 005546,   74.1,   1.94,
2320200512, 051011, 005437,   98.8,   1.53,
2320200509, 051011, 005231,  123.9,   1.02,
2320200508, 051011, 005126,  151.5,   1.26,
2320200507, 051011, 005017,  175.1,   0.64,
2330200720, 072011, 043725,   25.2,   2.06,
2330200718, 072011, 043521,   44.4,   2.01,
2330200717, 072011, 043256,   75.1,   1.78,
2330200715, 072011, 043010,   99.6,   1.71,
2330200714, 072011, 042741,  124.7,   1.56,
2330200709, 072011, 042055,  199.7,   0.62,
2340201121, 083111, 220537,    5.1,   2.61,
2340201119, 083111, 220346,   25.1,   2.81,
2340201118, 083111, 220231,   44.6,   2.63,
2340201116, 083111, 220012,   74.7,   2.00,
2340201115, 083111, 215812,  100.2,   1.30,
2340201113, 083111, 215622,  124.5,   0.98,
2340201112, 083111, 215443,  149.8,   0.74,
2340201111, 083111, 215256,  175.2,   0.49,
2340201109, 083111, 215113,  199.8,   0.61,
2350200724, 092711, 164143,    5.2,   2.60,
2350200723, 092711, 163954,   25.2,   1.84,
2350200722, 092711, 163812,   46.1,   2.17,
2350200721, 092711, 163620,   75.1,   2.42,
2350200720, 092711, 163445,  100.8,   2.02,
2350200714, 092711, 163205,  125.2,   1.51,
2350200713, 092711, 163022,  149.9,   0.96,
2350200712, 092711, 162836,  175.4,   0.69,
2360200523, 110511, 031027,    5.7,   3.39,
2360200519, 110511, 030758,   25.8,   2.35,
2360200517, 110511, 030623,   44.6,   2.20,
2360200515, 110511, 030407,   76.9,   2.09,
2360200513, 110511, 030222,  103.0,   1.38,
2360200511, 110511, 030053,  126.8,   1.08,
2360200509, 110511, 025923,  150.6,   2.22,
2360200507, 110511, 025748,  174.3,   0.87,
2370200215, 112911, 030718,    4.8,   2.03,
2370200213, 112911, 030520,   24.7,   1.87,
2370200212, 112911, 030410,   44.8,   1.96,
2370200211, 112911, 030242,   76.0,   1.92,
2370200210, 112911, 030120,   97.5,   1.79,
2370200209, 112911, 025952,  123.9,   0.93,
2370200208, 112911, 025633,  150.5,   0.95,
2370200207, 112911, 025505,  169.8,   0.76,
2370200206, 112911, 025325,  197.2,   0.59,
2380200422, 122011, 001157,    5.7,   2.34,
2380200420, 122011, 001026,   24.7,   2.25,
2380200418, 122011, 000827,   43.9,   2.23,
2380200416, 122011, 000636,   73.8,   2.24,
2380200414, 122011, 000510,   99.8,   2.41,
2380200412, 122011, 000334,  123.0,   1.76,
2380200407, 121911, 235849,  199.2,   0.58,
2390200523, 011912, 013223,    5.2,   1.91,
2390200521, 011912, 013043,   25.3,   1.68,
2390200519, 011912, 012833,   45.7,   2.08,
2390200517, 011912, 012643,   76.3,   1.58,
2390200514, 011912, 012424,  100.3,   1.30,
2390200513, 011912, 012253,  127.3,   1.14,
2390200512, 011912, 012119,  147.5,   0.93,
2390200511, 011912, 011943,  176.4,   0.53,
2400200522, 032512, 214201,    4.9,   1.61,
2400200520, 032512, 213926,   25.1,   1.92,
2400200518, 032512, 213740,   46.4,   1.90,
2400200516, 032512, 213511,   75.4,   1.44,
2400200514, 032512, 213309,  101.8,   0.84,
2400200512, 032512, 213120,  125.9,   1.40,
2400200509, 032512, 212925,  150.2,   0.70,
2400200507, 032512, 212731,  175.4,   0.52,
2410200423, 050212, 015600,    4.8,   1.97,
2410200419, 050212, 015415,   25.3,   2.10,
2410200417, 050212, 015240,   44.6,   1.92,
2410200415, 050212, 015104,   75.0,   2.02,
2410200413, 050212, 014915,  100.0,   1.97,
2410200409, 050212, 014550,  152.9,   1.94,
2410200407, 050212, 014349,  174.3,   0.99,
2420200423, 053112, 021713,    5.0,   1.88,
2420200413, 053112, 021358,   25.7,   2.87,
2420200412, 053112, 021238,   45.1,   2.51,
2420200411, 053112, 021108,   75.3,   2.31,
2420200410, 053112, 020943,  100.5,   1.88,
2420200409, 053112, 020813,  125.4,   1.62,
2420200408, 053112, 020639,  152.3,   1.73,
2420200407, 053112, 020513,  174.5,   0.83,
2430200424, 062712, 033423,    5.9,   2.65,
2430200413, 062712, 033124,   23.9,   2.37,
2430200412, 062712, 032923,   43.9,   2.40,
2430200411, 062712, 032723,   74.4,   2.08,
2430200410, 062712, 032539,   99.1,   1.80,
2430200409, 062712, 032353,  125.1,   1.81,
2430200408, 062712, 032213,  148.7,   1.16,
2430200407, 062712, 032018,  174.2,   0.70,
2430200406, 062712, 031813,  199.6,   0.57,
2440200514, 080112, 012457,   10.4,   1.69,
2440200513, 080112, 012336,   25.8,   2.05,
2440200511, 080112, 012101,   75.0,   2.30,
2440200510, 080112, 011947,  100.4,   2.12,
2440200509, 080112, 011833,  125.5,   1.56,
2440200508, 080112, 011706,  150.4,   1.16,
2440200507, 080112, 011547,  175.4,   0.82,
2450200421, 081812, 013740,    5.6,   2.44,
2450200419, 081812, 013548,   24.8,   2.50,
2450200417, 081812, 013412,   45.3,   2.52,
2450200415, 081812, 013206,   75.3,   2.13,
2450200413, 081812, 013007,  100.2,   1.73,
2450200411, 081812, 012806,  125.2,   1.31,
2450200410, 081812, 012611,  150.2,   1.14,
2450200407, 081812, 012411,  175.5,   0.60,
2460200421, 091512, 021335,    7.6,   2.02,
2460200419, 091512, 021219,   25.6,   2.01,
2460200417, 091512, 021114,   44.6,   2.16,
2460200416, 091512, 021013,   75.2,   2.09,
2460200413, 091512, 020859,  100.4,   1.84,
2460200411, 091512, 020759,  125.5,   1.72,
2460200409, 091512, 020655,  150.6,   0.99,
2460200407, 091512, 020529,  174.7,   0.89,
2470200419, 100812, 011605,    5.5,   2.16,
2470200418, 100812, 011410,   25.3,   2.20,
2470200417, 100812, 011250,   45.4,   2.23,
2470200416, 100812, 011120,   75.5,   2.12,
2470200415, 100812, 010940,  100.3,   1.75,
2470200414, 100812, 010810,  124.8,   1.27,
2470200413, 100812, 010640,  150.0,   0.79,
2470200412, 100812, 010510,  175.3,   0.55,
2470200410, 100812, 010340,  200.0,   0.60,
2480200423, 120412, 035027,    6.7,   1.87,
2480200419, 120412, 034756,   26.3,   2.03,
2480200417, 120412, 034606,   46.4,   1.83,
2480200415, 120412, 034221,   75.6,   2.32,
2480200411, 120412, 033901,  124.4,   1.27,
2480200409, 120412, 033722,  151.6,   0.76,
2480200407, 120412, 033536,  176.4,   0.64,
2490200422, 021313, 014037,    7.3,   2.39,
2490200420, 021313, 013647,   24.8,   3.21,
2490200418, 021313, 013507,   45.0,   2.06,
2490200416, 021313, 013246,   75.7,   1.71,
2490200414, 021313, 013057,  100.2,   1.55,
2490200412, 021313, 012857,  126.7,   1.44,
2490200410, 021313, 012707,  149.9,   0.83,
2490200408, 021313, 012457,  175.7,   0.54,
2490200406, 021313, 012248,  200.0,   0.57,
2500200524, 030713, 010127,    5.9,   1.77,
2500200521, 030713, 005827,   25.4,   1.85,
2500200519, 030713, 005647,   45.2,   1.88,
2500200515, 030713, 005257,  101.2,   2.00,
2500200513, 030713, 005117,  124.7,   1.56,
2500200510, 030713, 004937,  150.1,   1.49,
2500200508, 030713, 004757,  175.8,   0.95,
2510200522, 040613, 040246,    5.3,   2.08,
2510200520, 040613, 040106,   26.1,   2.30,
2510200519, 040613, 035926,   45.8,   1.94,
2510200518, 040613, 035726,   75.7,   2.00,
2510200517, 040613, 035536,  101.0,   1.60,
2510200515, 040613, 035325,  124.9,   1.12,
2510200513, 040613, 035116,  150.2,   0.84,
2510200511, 040613, 034915,  175.8,   0.77,
2520200524, 051813, 015518,    7.3,   2.07,
2520200521, 051813, 015028,   23.7,   2.15,
2520200519, 051813, 014828,   45.5,   2.21,
2520200517, 051813, 014618,   75.8,   2.04,
2520200515, 051813, 014418,  101.5,   1.95,
2520200512, 051813, 014118,  125.7,   1.54,
2520200510, 051813, 013938,  150.6,   1.13,
2520200508, 051813, 013728,  173.1,   0.73,
2530200516, 062613, 011848,    7.1,   2.14,
2530200514, 062613, 011618,   25.9,   2.17,
2530200513, 062613, 011448,   45.9,   2.21,
2530200512, 062613, 011307,   75.5,   1.96,
2530200511, 062613, 011138,  101.1,   1.67,
2530200509, 062613, 010928,  125.4,   1.43,
2530200508, 062613, 010808,  150.3,   1.31,
2530200507, 062613, 010648,  175.5,   0.62,
2540200414, 091213, 014033,   11.0,   2.86,
2540200412, 091213, 013620,   45.0,   2.55,
2540200411, 091213, 013430,   74.7,   1.97,
2540200410, 091213, 013255,   99.8,   1.33,
2540200409, 091213, 013115,  125.5,   0.90,
2540200408, 091213, 012940,  151.6,   0.62,
2550200422, 100213, 014759,    7.9,   2.59,
2550200421, 100213, 014353,   25.4,   2.73,
2550200420, 100213, 014203,   45.7,   2.73,
2550200419, 100213, 013947,   76.5,   2.51,
2550200418, 100213, 013752,  100.1,   1.69,
2550200417, 100213, 013613,  125.0,   1.16,
2550200416, 100213, 013443,  150.3,   0.80,
2550200415, 100213, 013303,  175.2,   0.58,
2560200422, 102813, 013946,    7.7,   2.54,
2560200421, 102813, 013656,   25.3,   2.53,
2560200420, 102813, 013515,   45.4,   2.29,
2560200419, 102813, 013315,   75.1,   2.05,
2560200418, 102813, 013135,  100.0,   1.46,
2560200417, 102813, 013015,  124.9,   1.00,
2560200416, 102813, 012855,  150.7,   0.68,
2560200415, 102813, 012725,  175.1,   0.61,
2570200418, 112713, 011828,    7.1,   2.27,
2570200414, 112713, 011518,   25.1,   2.15,
2570200412, 112713, 011347,   45.1,   2.33,
2570200411, 112713, 011217,   74.3,   2.09,
2570200409, 112713, 010927,  125.4,   1.15,
2570200408, 112713, 010808,  150.6,   0.65,
2570200407, 112713, 010657,  174.9,   0.62,
2580200414, 122113, 020659,    8.1,   1.51,
2580200413, 122113, 020500,   25.5,   2.12,
2580200412, 122113, 020314,   46.3,   2.72,
2580200411, 122113, 020104,   75.6,   1.71,
2580200410, 122113, 015914,   99.7,   1.22,
2580200409, 122113, 015744,  125.7,   0.77,
2580200408, 122113, 015619,  148.6,   0.51,
2580200407, 122113, 015504,  175.2,   0.58,
2590200424, 011614, 020153,    8.0,   1.84,
2590200417, 011614, 015923,   25.8,   1.68,
2590200416, 011614, 015802,   45.1,   1.87,
2590200415, 011614, 015622,   75.3,   1.59,
2590200414, 011614, 015442,  100.5,   1.72,
2590200413, 011614, 015303,  126.0,   1.54,
2590200412, 011614, 015142,  150.6,   0.76,
2590200411, 011614, 015002,  175.2,   0.90,
2590200408, 011614, 014812,  200.0,   0.47,
2600200414, 021514, 021442,    6.2,   1.58,
2600200413, 021514, 021212,   26.0,   1.58,
2600200411, 021514, 020751,   76.1,   1.60,
2600200410, 021514, 020603,  100.7,   1.38,
2600200409, 021514, 020408,  127.0,   0.92,
2600200408, 021514, 020232,  150.7,   0.77,
2600200407, 021514, 020050,  175.9,   0.66,
2610200413, 030614, 014002,    5.3,   1.92,
2610200412, 030614, 013831,   25.0,   2.21,
2610200411, 030614, 013707,   46.4,   2.14,
2610200410, 030614, 013542,   76.1,   1.97,
2610200409, 030614, 013401,  100.1,   1.81,
2610200408, 030614, 013131,  150.8,   0.88,
2630200314, 060114, 010950,    4.8,   2.52,
2630200313, 060114, 010805,   26.3,   2.32,
2630200312, 060114, 010635,   44.3,   2.15,
2630200311, 060114, 010450,   75.1,   2.04,
2630200310, 060114, 010305,   99.1,   1.80,
2630200309, 060114, 010135,  125.0,   1.63,
2630200308, 060114, 005950,  154.6,   0.86,
2630200307, 060114, 005805,  174.9,   0.67,
2630200306, 060114, 005626,  199.3,   0.58,
2640200420, 070114, 013703,    4.9,   2.35,
2640200419, 070114, 013528,   24.7,   2.61,
2640200418, 070114, 013414,   44.5,   2.37,
2640200416, 070114, 013140,   75.0,   2.26,
2640200414, 070114, 012958,  100.1,   1.86,
2640200413, 070114, 012838,  125.7,   1.67,
2640200412, 070114, 012714,  150.4,   1.16,
2640200411, 070114, 012558,  175.4,   0.77,
2650200421, 091514, 010947,    5.0,   2.85,
2650200418, 091514, 010713,   23.4,   2.72,
2650200416, 091514, 010550,   45.2,   2.43,
2650200414, 091514, 010418,   75.4,   2.33,
2650200412, 091514, 010254,  100.1,   1.71,
2650200410, 091514, 010135,  124.8,   1.26,
2650200408, 091514, 005953,  150.3,   0.81,
2650200407, 091514, 005818,  174.8,   1.07,
2660200422, 101414, 013752,    7.1,   3.16,
2660200420, 101414, 013524,   25.4,   2.86,
2660200417, 101414, 013124,   75.1,   2.95,
2660200416, 101414, 012945,  100.4,   2.02,
2660200414, 101414, 012805,  124.5,   1.18,
2660200412, 101414, 012525,  175.2,   1.03,
2670200422, 112214, 012756,    7.8,   2.58,
2670200420, 112214, 012547,   24.8,   2.87,
2670200419, 112214, 012411,   45.3,   2.60,
2670200417, 112214, 012146,   75.6,   2.25,
2670200416, 112214, 012001,  100.0,   2.27,
2670200414, 112214, 011751,  125.3,   1.17,
2670200413, 112214, 011622,  150.8,   0.85,
2670200412, 112214, 011452,  175.1,   1.28,
2680200417, 121714, 031434,    7.4,   1.97,
2680200415, 121714, 031304,   23.9,   2.04,
2680200413, 121714, 031138,   45.2,   2.10,
2680200411, 121714, 030949,   74.0,   1.82,
2680200410, 121714, 030819,   99.7,   2.04,
2680200409, 121714, 030719,  123.5,   1.29,
2680200408, 121714, 030613,  149.7,   0.66,
2680200407, 121714, 030508,  173.7,   0.71,
2680200406, 121714, 030403,  199.1,   0.67,