botid, date, time, press, pe10, 
#, mmddyy, hhmmss, dbar, ng/l, 
1160200423, 062000, 224725,    4.0,   2.86,
1160200422, 062000, 224645,   14.4,  10.06,
1160200421, 062000, 224605,   24.1,   6.80,
1160200418, 062000, 224415,   34.5,   3.42,
1160200417, 062000, 224405,   34.5,   1.59,
1160200415, 062000, 224315,   44.1,   0.08,
1160200414, 062000, 224235,   58.6,   0.28,
1160200412, 062000, 224141,   74.2,   0.38,
1160200410, 062000, 224025,   99.5,   1.21,
1160200408, 062000, 223915,  123.6,   0.00,
1160200406, 062000, 223810,  149.2,   0.33,
1170201021, 072700, 015243,    4.3,   5.35,
1170201019, 072700, 015125,   14.4,   3.77,
1170201017, 072700, 015004,   24.4,   6.95,
1170201015, 072700, 014840,   35.5,   9.20,
1170201013, 072700, 014720,   44.3,   5.81,
1170201009, 072700, 014516,   59.5,   8.65,
1170201008, 072700, 014404,   75.9,   6.66,
1170201006, 072700, 014213,  103.3,   0.00,
1170201005, 072700, 014054,  123.6,   0.00,
1170201003, 072700, 013925,  150.5,   0.15,
1180201215, 082300, 214644,    4.2,   0.33,
1180201214, 082300, 214541,   13.7,   0.41,
1180201212, 082300, 214432,   25.0,   3.55,
1180201211, 082300, 214337,   34.7,   0.40,
1180201210, 082300, 214327,   34.7,   0.70,
1180201209, 082300, 214317,   34.9,   0.50,
1180201207, 082300, 214121,   50.7,   1.01,
1180201206, 082300, 214006,   80.0,   0.89,
1180201205, 082300, 213956,   80.0,   0.00,
1180201204, 082300, 213946,   79.8,   0.00,
1180201203, 082300, 213815,  115.4,   0.00,
1190200622, 101800, 070110,    5.6,   1.43,
1190200620, 101800, 065941,   14.5,   2.01,
1190200619, 101800, 065819,   24.9,   1.67,
1190200615, 101800, 065524,   34.5,   2.29,
1190200614, 101800, 065510,   34.3,   1.21,
1190200613, 101800, 065456,   34.3,   1.82,
1190200611, 101800, 065228,   50.0,   2.59,
1190200608, 101800, 064803,   79.7,   1.60,
1190200607, 101800, 064748,   79.8,   1.48,
1190200606, 101800, 064734,   79.5,   2.01,
1190200603, 101800, 064412,  124.9,   1.77,
1190200602, 101800, 064231,  151.6,   1.16,
1200201022, 113000, 185226,    4.4,   0.25,
1200201021, 113000, 185131,   14.3,   0.43,
1200201020, 113000, 185036,   24.4,   1.19,
1200201018, 113000, 184922,   35.0,   0.56,
1200201017, 113000, 184911,   35.0,   0.89,
1200201016, 113000, 184821,   44.4,   1.58,
1200201015, 113000, 184717,   59.8,   1.57,
1200201014, 113000, 184611,   73.8,   0.75,
1200201012, 113000, 184447,   99.9,   0.56,
1200201010, 113000, 184301,  124.1,   0.49,
1200201009, 113000, 184152,  148.5,   0.00,
1200201008, 113000, 184031,  174.6,   0.18,
1210201119, 122000, 190304,    3.6,   0.24,
1210201117, 122000, 190204,   14.6,   0.60,
1210201116, 122000, 190109,   24.1,   0.73,
1210201114, 122000, 185939,   34.4,   0.33,
1210201113, 122000, 185929,   34.4,   0.11,
1210201111, 122000, 185819,   43.9,   0.35,
1210201109, 122000, 185704,   59.8,   0.00,
1210201107, 122000, 185554,   74.1,   0.28,
1210201106, 122000, 185444,   99.8,   0.19,
1210201105, 122000, 185334,  123.9,   0.00,
1210201104, 122000, 185219,  149.5,   0.09,
1210201103, 122000, 185054,  175.9,   0.00,
1220200314, 011601, 214606,    3.3,   0.55,
1220200313, 011601, 214526,   13.7,   0.16,
1220200312, 011601, 214441,   23.5,   0.00,
1220200311, 011601, 214346,   33.6,   0.05,
1220200310, 011601, 214336,   33.7,   0.40,
1220200309, 011601, 214251,   43.6,   0.17,
1220200308, 011601, 214206,   57.6,   0.00,
1220200307, 011601, 214116,   74.2,   0.00,
1220200306, 011601, 214026,   98.2,   0.00,
1220200305, 011601, 213926,  124.1,   0.00,
1220200304, 011601, 213828,  148.0,   0.00,
1220200303, 011601, 213711,  174.2,   0.00,
1230200522, 021501, 081845,    4.4,   0.00,
1230200521, 021501, 081734,   13.9,   0.42,
1230200519, 021501, 081634,   23.8,   0.48,
1230200518, 021501, 081544,   34.1,   0.48,
1230200517, 021501, 081534,   34.5,   0.11,
1230200516, 021501, 081444,   45.0,   0.60,
1230200514, 021501, 081329,   58.4,   0.31,
1230200512, 021501, 081224,   73.4,   0.00,
1230200506, 021501, 080824,  101.2,   0.00,
1230200504, 021501, 080604,  149.0,   0.00,
1230200503, 021501, 080439,  177.5,   0.00,
1240201023, 032201, 070007,    4.8,   0.81,
1240201021, 032201, 065850,   14.4,   0.86,
1240201020, 032201, 065749,   24.8,   0.12,
1240201018, 032201, 065553,   34.1,   0.54,
1240201017, 032201, 065539,   34.2,   0.50,
1240201015, 032201, 065419,   43.2,   1.57,
1240201013, 032201, 065256,   58.8,   6.10,
1240201010, 032201, 065120,   73.7,   0.57,
1240201007, 032201, 064802,   98.9,   0.05,
1240201006, 032201, 064637,  122.9,   0.52,
1240201005, 032201, 064527,  149.1,   0.00,
1240201003, 032201, 064358,  174.6,   0.15,
1250201014, 041801, 184944,    3.5,   2.88,
1250201013, 041801, 184843,   13.5,   2.21,
1250201012, 041801, 184742,   24.0,   3.99,
1250201011, 041801, 184646,   34.0,   1.89,
1250201010, 041801, 184633,   34.0,   1.74,
1250201009, 041801, 184532,   44.9,   0.90,
1250201008, 041801, 184430,   59.4,   0.94,
1250201007, 041801, 184328,   73.7,   3.75,
1250201006, 041801, 184214,   99.8,   1.15,
1250201005, 041801, 184103,  124.0,   0.41,
1250201004, 041801, 183949,  149.0,   0.32,
1250201003, 041801, 183826,  174.5,   0.50,
1260201114, 051701, 185435,    4.7,   1.17,
1260201113, 051701, 185335,   14.4,   2.34,
1260201112, 051701, 185235,   24.5,   0.76,
1260201111, 051701, 185135,   34.4,   1.22,
1260201110, 051701, 185120,   34.4,   0.71,
1260201109, 051701, 185015,   44.3,   9.36,
1260201108, 051701, 184915,   59.0,   0.50,
1260201107, 051701, 184815,   74.2,   0.21,
1260201106, 051701, 184705,   99.6,   0.72,
1260201105, 051701, 184554,  124.4,   0.69,
1260201104, 051701, 184440,  149.7,   0.31,
1260201103, 051701, 184310,  175.2,   0.55,
1270201023, 061401, 185236,    4.4,   5.79,
1270201022, 061401, 185141,   13.8,   3.51,
1270201021, 061401, 185056,   23.6,  11.07,
1270201020, 061401, 185006,   33.4,   9.93,
1270201019, 061401, 184957,   33.6,   3.49,
1270201018, 061401, 184906,   43.8,   3.95,
1270201017, 061401, 184816,   58.6,   0.60,
1270201016, 061401, 184721,   73.8,   0.00,
1270201013, 061401, 184516,   98.8,   0.88,
1270201008, 061401, 184211,  123.5,   0.00,
1270201004, 061401, 183848,  149.1,   0.71,
1270201003, 061401, 183717,  173.5,   0.45,
1280200914, 071101, 215243,    3.9,   0.74,
1280200913, 071101, 215145,   13.5,   0.17,
1280200912, 071101, 215038,   23.0,   0.72,
1280200910, 071101, 214827,   43.0,   3.48,
1280200909, 071101, 214720,   58.2,   0.63,
1280200908, 071101, 214613,   74.1,   0.14,
1280200907, 071101, 214451,   97.6,   0.13,
1280200906, 071101, 214334,  123.8,   0.45,
1280200905, 071101, 214224,  148.3,   0.19,
1280200904, 071101, 214102,  175.0,   0.00,
1290200313, 080701, 195419,    4.7,  31.14,
1290200312, 080701, 195305,   14.3,  17.00,
1290200311, 080701, 195138,   24.8,   8.57,
1290200310, 080701, 195036,   34.3,  10.88,
1290200309, 080701, 194930,   44.6,   3.35,
1290200308, 080701, 194818,   58.9,  15.06,
1290200307, 080701, 194657,   74.6,   5.84,
1290200306, 080701, 194536,  100.3,   0.40,
1290200305, 080701, 194419,  123.9,   0.28,
1290200304, 080701, 194255,  150.1,   0.37,
1290200303, 080701, 194135,  175.8,   0.94,
1300201014, 100201, 185500,    4.5,  40.63,
1300201013, 100201, 185410,   14.9,  26.79,
1300201012, 100201, 185315,   24.8,  16.94,
1300201011, 100201, 185225,   34.4,   9.25,
1300201010, 100201, 185215,   34.7,  16.69,
1300201009, 100201, 185125,   44.8,  22.37,
1300201008, 100201, 185025,   60.2,   7.54,
1300201007, 100201, 184930,   74.7,   0.00,
1300201006, 100201, 184815,   98.0,   1.46,
1300201005, 100201, 184700,  125.3,   0.30,
1300201004, 100201, 184526,  151.3,   0.00,
1300201003, 100201, 184415,  170.2,   0.39,
1310201021, 102301, 185657,    4.9,  49.16,
1310201020, 102301, 185557,   14.8,  38.70,
1310201019, 102301, 185457,   24.7,  59.22,
1310201017, 102301, 185308,   34.6,  34.95,
1310201016, 102301, 185257,   34.7,  57.15,
1310201015, 102301, 185157,   45.2,  71.89,
1310201013, 102301, 185037,   60.5,  34.84,
1310201012, 102301, 184932,   74.9,   0.76,
1310201009, 102301, 184727,   99.2,   0.00,
1310201007, 102301, 184507,  124.4,   0.00,
1310201005, 102301, 184247,  150.5,   0.00,
1310201003, 102301, 184037,  174.3,   0.00,
1320201014, 111701, 184912,    4.2,   3.37,
1320201013, 111701, 184811,   14.0,   1.79,
1320201012, 111701, 184711,   24.4,   2.23,
1320201011, 111701, 184603,   33.8,   1.80,
1320201010, 111701, 184553,   33.8,   1.93,
1320201009, 111701, 184449,   44.4,   1.88,
1320201008, 111701, 184346,   59.9,   0.54,
1320201007, 111701, 184246,   74.2,   0.40,
1320201006, 111701, 184126,   99.4,   0.00,
1320201005, 111701, 184018,  124.3,   0.00,
1320201004, 111701, 183906,  150.0,   0.00,
1320201003, 111701, 183751,  175.1,   0.00,
1330200721, 121601, 012444,    3.4,   1.05,
1330200720, 121601, 012344,   13.8,   1.93,
1330200718, 121601, 012214,   24.1,   0.23,
1330200717, 121601, 012114,   33.6,   1.00,
1330200716, 121601, 012059,   33.7,   5.52,
1330200714, 121601, 011944,   43.4,   1.39,
1330200713, 121601, 011829,   59.8,   1.69,
1330200711, 121601, 011709,   73.8,   0.71,
1330200709, 121601, 011529,   99.1,   0.00,
1330200708, 121601, 011414,  124.0,   0.00,
1330200706, 121601, 011244,  149.5,   0.00,
1330200704, 121601, 011109,  174.3,   0.00,
1340201014, 011602, 184723,    4.5,   0.00,
1340201013, 011602, 184622,   14.0,   0.13,
1340201012, 011602, 184537,   24.5,   0.00,
1340201011, 011602, 184448,   34.1,   0.79,
1340201010, 011602, 184438,   34.5,   0.00,
1340201009, 011602, 184342,   44.4,   0.27,
1340201008, 011602, 184253,   59.6,   0.27,
1340201007, 011602, 184158,   74.0,   0.00,
1340201006, 011602, 184052,   99.7,   0.00,
1340201005, 011602, 183937,  125.8,   0.00,
1340201004, 011602, 183824,  148.8,   0.18,
1340201003, 011602, 183714,  174.5,   0.00,
1350201014, 022102, 185203,    4.0,   0.54,
1350201013, 022102, 185058,   14.1,   0.70,
1350201012, 022102, 184948,   25.2,   0.39,
1350201011, 022102, 184833,   35.1,   0.47,
1350201010, 022102, 184818,   35.3,   0.46,
1350201009, 022102, 184717,   44.3,   0.42,
1350201008, 022102, 184558,   60.0,   0.75,
1350201007, 022102, 184432,   74.6,   0.39,
1350201006, 022102, 184308,  100.1,   0.47,
1350201005, 022102, 184143,  124.8,   0.28,
1350201004, 022102, 184023,  149.5,   0.32,
1350201003, 022102, 183853,  174.8,   0.43,
1360201115, 031302, 184809,    4.7,   0.43,
1360201114, 031302, 184714,   13.8,   0.00,
1360201113, 031302, 184619,   24.4,   0.00,
1360201112, 031302, 184524,   34.1,   0.00,
1360201111, 031302, 184515,   34.1,   0.01,
1360201110, 031302, 184419,   44.7,   0.48,
1360201109, 031302, 184310,   59.1,   0.00,
1360201108, 031302, 184209,   74.2,   0.00,
1360201106, 031302, 184039,  100.1,   0.00,
1360201105, 031302, 183934,  123.6,   0.00,
1360201104, 031302, 183819,  149.3,   0.00,
1360201103, 031302, 183704,  175.5,   0.00,
1370201014, 052102, 185027,    4.8,   0.10,
1370201013, 052102, 184913,   15.0,   0.03,
1370201012, 052102, 184808,   24.9,   0.00,
1370201011, 052102, 184657,   34.1,   0.00,
1370201010, 052102, 184643,   34.0,   0.00,
1370201009, 052102, 184537,   44.4,   2.91,
1370201008, 052102, 184427,   59.5,   0.93,
1370201007, 052102, 184313,   74.9,   0.60,
1370201006, 052102, 184153,   99.8,   1.51,
1370201005, 052102, 184027,  124.7,   0.28,
1370201004, 052102, 183858,  149.6,   0.00,
1370201003, 052102, 183728,  174.1,   0.00,
1380200914, 063002, 094745,    3.9,   1.12,
1380200913, 063002, 094649,   13.9,   0.90,
1380200912, 063002, 094555,   23.1,   1.95,
1380200911, 063002, 094500,   33.7,   0.77,
1380200910, 063002, 094449,   33.7,   1.44,
1380200909, 063002, 094354,   43.8,   0.61,
1380200908, 063002, 094255,   59.5,   0.22,
1380200907, 063002, 094144,   75.5,   0.56,
1380200906, 063002, 094029,  100.4,   0.23,
1380200905, 063002, 093905,  127.7,   0.33,
1380200904, 063002, 093734,  152.2,   0.00,
1380200903, 063002, 093619,  173.6,   0.00,
1390201014, 082802, 192642,    5.0,   1.35,
1390201012, 082802, 192417,   25.8,   1.13,
1390201011, 082802, 192308,   35.4,   1.93,
1390201010, 082802, 192257,   35.4,   2.28,
1390201009, 082802, 192157,   45.0,   4.16,
1390201008, 082802, 192037,   59.2,   1.74,
1390201007, 082802, 191912,   74.0,   0.95,
1390201006, 082802, 191727,  100.6,   0.65,
1390201005, 082802, 191552,  124.0,   0.06,
1390201004, 082802, 191412,  150.3,   0.33,
1390201003, 082802, 191217,  175.1,   0.39,
1400201017, 100702, 184846,    4.8,  15.16,
1400201016, 100702, 184801,   14.5,  25.07,
1400201015, 100702, 184715,   24.6,  11.42,
1400201014, 100702, 184626,   34.9,  20.07,
1400201013, 100702, 184616,   34.9,  12.99,
1400201011, 100702, 184456,   45.7,  13.77,
1400201009, 100702, 184356,   59.3,   9.81,
1400201008, 100702, 184301,   74.5,   2.35,
1400201006, 100702, 184116,  102.0,   0.41,
1400201005, 100702, 184011,  123.4,   0.34,
1400201004, 100702, 183856,  149.4,   0.25,
1400201003, 100702, 183717,  175.0,   0.37,
1410200623, 110402, 070229,    4.7,   6.79,
1410200621, 110402, 070054,   14.7,   5.13,
1410200620, 110402, 065934,   24.8,  13.55,
1410200618, 110402, 065758,   34.5,   6.38,
1410200617, 110402, 065748,   34.5,   5.36,
1410200615, 110402, 065608,   45.0,   3.18,
1410200612, 110402, 065419,   60.1,   3.19,
1410200611, 110402, 065258,   74.9,   0.22,
1410200609, 110402, 065109,  100.2,   0.21,
1410200607, 110402, 064909,  125.0,   0.00,
1410200606, 110402, 064719,  150.8,   0.04,
1410200604, 110402, 064539,  175.1,   0.14,
1420200618, 112502, 065921,    5.0,   0.95,
1420200617, 112502, 065746,   13.2,   0.20,
1420200614, 112502, 065606,   26.0,   2.40,
1420200613, 112502, 065451,   34.1,   5.62,
1420200612, 112502, 065441,   34.2,   2.40,
1420200611, 112502, 065321,   45.2,   1.08,
1420200610, 112502, 065151,   59.8,   2.23,
1420200609, 112502, 065026,   74.9,   0.66,
1420200606, 112502, 064812,  100.6,   0.02,
1420200605, 112502, 064647,  123.0,   1.72,
1420200604, 112502, 064511,  151.5,   0.08,
1420200603, 112502, 064256,  178.1,   0.00,
1430200614, 121902, 065325,    4.5,   0.35,
1430200613, 121902, 065215,   15.9,   1.38,
1430200612, 121902, 065121,   25.5,   0.16,
1430200611, 121902, 065000,   33.7,   0.89,
1430200610, 121902, 064950,   33.7,   0.94,
1430200609, 121902, 064859,   44.6,   0.70,
1430200608, 121902, 064749,   59.7,   2.08,
1430200607, 121902, 064619,   74.8,   1.03,
1430200606, 121902, 064459,  101.2,   0.14,
1430200605, 121902, 064339,  124.8,   0.00,
1430200604, 121902, 064214,  150.8,   0.13,
1430200603, 121902, 064049,  174.1,   0.00,
1440200514, 011703, 070048,    4.2,   0.29,
1440200513, 011703, 065943,   13.6,   0.00,
1440200512, 011703, 065828,   23.7,   0.15,
1440200511, 011703, 065708,   36.0,   0.19,
1440200509, 011703, 065558,   45.9,   5.84,
1440200508, 011703, 065448,   59.7,   0.00,
1440200507, 011703, 065329,   72.9,   0.10,
1440200506, 011703, 065148,  101.1,   0.62,
1440200505, 011703, 065028,  123.7,   0.17,
1440200504, 011703, 064913,  150.0,   0.00,
1440200503, 011703, 064733,  176.5,   0.07,
1450200616, 022603, 065644,    3.8,   0.76,
1450200610, 022603, 065159,   45.2,   0.00,
1450200609, 022603, 065059,   59.1,   1.74,
1450200608, 022603, 064959,   74.8,   0.95,
1450200606, 022603, 064829,   99.5,   0.00,
1450200605, 022603, 064709,  127.4,   0.00,
1450200604, 022603, 064544,  153.7,   0.19,
1450200603, 022603, 064419,  176.1,   0.00,
1460200614, 032903, 070715,    8.6,   1.01,
1460200613, 032903, 070455,   15.3,   0.90,
1460200612, 032903, 070256,   24.1,   1.52,
1460200611, 032903, 070125,   33.7,   0.69,
1460200610, 032903, 070115,   33.5,   0.20,
1460200609, 032903, 065956,   46.2,   1.06,
1460200608, 032903, 065825,   59.6,   0.31,
1460200607, 032903, 065650,   73.6,   0.72,
1460200606, 032903, 065456,  101.2,   0.25,
1460200605, 032903, 065255,  123.6,   2.02,
1460200604, 032903, 065055,  148.1,   0.40,
1460200603, 032903, 064840,  175.5,   0.39,
1470200614, 042403, 065620,    5.0,   0.48,
1470200613, 042403, 065515,   14.0,   0.46,
1470200612, 042403, 065400,   24.2,   0.14,
1470200611, 042403, 065300,   34.0,   1.29,
1470200610, 042403, 065250,   33.9,   0.27,
1470200609, 042403, 065140,   44.6,   0.94,
1470200608, 042403, 065030,   59.0,   0.44,
1470200607, 042403, 064920,   73.5,   0.81,
1470200606, 042403, 064800,   99.8,   0.14,
1470200605, 042403, 064640,  124.8,   0.26,
1470200604, 042403, 064520,  149.0,   0.39,
1470200603, 042403, 064400,  173.0,   0.08,
1480200614, 052103, 065230,    4.4,   0.12,
1480200613, 052103, 065130,   14.4,   0.30,
1480200612, 052103, 065030,   24.7,   1.00,
1480200611, 052103, 064909,   34.2,   0.24,
1480200610, 052103, 064900,   34.2,   0.10,
1480200609, 052103, 064747,   44.3,   0.44,
1480200608, 052103, 064631,   59.4,   0.52,
1480200607, 052103, 064530,   74.0,   0.52,
1480200606, 052103, 064414,   99.1,   0.08,
1480200605, 052103, 064300,  124.0,   0.21,
1480200604, 052103, 064146,  149.3,   0.19,
1480200603, 052103, 064034,  175.8,   0.00,
1490200614, 062003, 065707,    4.4,   1.26,
1490200613, 062003, 065607,   14.3,   3.13,
1490200612, 062003, 065502,   24.0,   0.85,
1490200611, 062003, 065406,   34.1,   1.31,
1490200610, 062003, 065338,   34.1,   2.06,
1490200609, 062003, 065238,   43.7,   2.15,
1490200608, 062003, 065132,   58.6,   0.60,
1490200607, 062003, 064952,   73.3,   0.39,
1490200606, 062003, 064838,   98.2,   0.38,
1490200605, 062003, 064714,  122.8,   0.21,
1490200604, 062003, 064551,  149.6,   0.34,
1490200603, 062003, 064422,  173.9,   0.27,
1500200614, 072003, 065006,    5.3,  29.28,
1500200613, 072003, 064906,   14.3,  17.65,
1500200612, 072003, 064821,   25.0,   2.29,
1500200611, 072003, 064732,   35.3,  20.04,
1500200610, 072003, 064722,   35.3,  13.61,
1500200609, 072003, 064623,   45.2,   2.21,
1500200608, 072003, 064533,   59.6,   3.94,
1500200607, 072003, 064421,   73.8,   5.65,
1500200606, 072003, 064322,   98.7,   0.37,
1500200605, 072003, 064221,  124.7,   0.00,
1500200604, 072003, 064121,  149.3,   0.00,
1500200603, 072003, 064006,  176.1,   0.00,
1510200617, 082103, 065830,    4.5,   6.74,
1510200616, 082103, 065730,   14.4,   1.75,
1510200615, 082103, 065635,   25.0,   0.00,
1510200614, 082103, 065540,   34.7,  19.00,
1510200613, 082103, 065530,   34.8,   8.57,
1510200612, 082103, 065435,   44.7,  15.29,
1510200611, 082103, 065335,   59.0,   4.66,
1510200610, 082103, 065234,   74.6,   0.00,
1510200609, 082103, 065125,   99.3,   0.00,
1510200607, 082103, 064920,  124.3,   0.00,
1510200605, 082103, 064705,  148.4,   0.00,
1510200604, 082103, 064535,  175.4,   0.00,
1520200614, 101503, 065834,    8.3, 101.13,
1520200613, 101503, 065710,   15.3,  46.72,
1520200612, 101503, 065554,   24.1,  78.63,
1520200611, 101503, 065454,   34.4,  80.24,
1520200610, 101503, 065445,   34.4,  75.72,
1520200609, 101503, 065340,   44.3,  77.90,
1520200608, 101503, 065224,   60.2,  25.67,
1520200607, 101503, 065059,   75.6,   2.34,
1520200606, 101503, 064926,  101.7,   0.00,
1520200605, 101503, 064730,  127.8,   0.00,
1520200604, 101503, 064545,  151.5,   1.39,
1520200603, 101503, 064400,  177.1,   0.00,
1530200614, 111003, 072517,    7.9,   0.35,
1530200613, 111003, 072308,   12.3,   0.75,
1530200612, 111003, 072118,   25.0,   1.53,
1530200611, 111003, 071955,   32.2,   1.14,
1530200610, 111003, 071938,   33.2,   1.66,
1530200609, 111003, 071837,   43.8,   1.15,
1530200608, 111003, 071641,   57.7,   2.58,
1530200607, 111003, 071516,   73.2,   0.27,
1530200605, 111003, 071232,  105.9,   0.16,
1530200604, 111003, 070933,  148.4,   0.14,
1530200603, 111003, 070737,  172.4,   0.43,
1540200516, 122003, 070923,    4.5,   6.65,
1540200515, 122003, 070709,   14.4,   2.56,
1540200514, 122003, 070619,   24.7,   2.78,
1540200513, 122003, 070508,   35.5,   0.00,
1540200512, 122003, 070453,   35.6,   0.00,
1540200511, 122003, 070338,   45.5,   0.75,
1540200510, 122003, 070225,   60.3,   0.05,
1540200509, 122003, 070114,   77.7,   0.15,
1540200508, 122003, 065934,   99.1,   0.00,
1540200507, 122003, 065753,  124.8,   0.44,
1540200506, 122003, 065631,  150.3,   0.37,
1540200505, 122003, 065419,  173.8,   0.01,
1550200614, 012204, 065057,    3.7,   0.19,
1550200613, 012204, 064931,   14.2,   0.12,
1550200612, 012204, 064835,   22.8,   0.19,
1550200611, 012204, 064733,   33.4,   0.00,
1550200610, 012204, 064723,   33.5,   0.00,
1550200609, 012204, 064553,   43.6,   0.18,
1550200608, 012204, 064452,   58.7,   1.38,
1550200607, 012204, 064339,   73.9,   0.23,
1550200606, 012204, 064222,   99.0,   0.08,
1550200605, 012204, 064057,  123.6,   0.06,
1550200604, 012204, 063925,  149.5,   0.00,
1550200603, 012204, 063805,  175.7,   0.00,
1560200614, 022504, 064721,    4.6,   0.69,
1560200613, 022504, 064630,   14.2,   1.42,
1560200612, 022504, 064545,   23.9,   0.15,
1560200611, 022504, 064446,   33.8,   0.35,
1560200610, 022504, 064431,   33.7,   0.79,
1560200609, 022504, 064335,   44.0,   1.76,
1560200608, 022504, 064201,   59.8,   0.56,
1560200607, 022504, 064106,   73.6,   0.00,
1560200606, 022504, 063941,  100.0,   0.01,
1560200605, 022504, 063811,  124.2,   0.00,
1560200604, 022504, 063656,  149.0,   0.25,
1560200603, 022504, 063536,  173.8,   0.25,
1570200614, 032004, 070410,    4.6,   0.59,
1570200613, 032004, 070241,   15.6,   0.78,
1570200612, 032004, 070125,   24.6,   0.02,
1570200611, 032004, 070000,   36.8,   0.00,
1570200610, 032004, 065951,   36.9,   0.14,
1570200609, 032004, 065831,   44.4,   1.73,
1570200608, 032004, 065716,   56.8,   1.11,
1570200607, 032004, 065546,   74.9,   0.73,
1570200606, 032004, 065410,   96.7,   0.08,
1570200605, 032004, 065221,  125.3,   0.00,
1570200604, 032004, 065023,  151.6,   0.00,
1570200603, 032004, 064831,  172.4,   0.00,
1580200614, 042104, 065935,    4.6,   0.35,
1580200613, 042104, 065751,   14.3,   7.04,
1580200612, 042104, 065612,   24.2,   1.49,
1580200611, 042104, 065421,   34.5,   0.19,
1580200610, 042104, 065411,   34.5,   1.70,
1580200609, 042104, 065246,   44.1,   0.24,
1580200608, 042104, 065106,   59.7,   0.15,
1580200607, 042104, 064921,   75.7,   0.49,
1580200606, 042104, 064740,   98.9,   0.12,
1580200605, 042104, 064547,  124.1,   0.07,
1580200604, 042104, 064401,  148.8,   0.00,
1580200603, 042104, 064221,  174.5,   0.00,
1590200614, 051904, 064437,    4.2,   0.41,
1590200613, 051904, 064347,   14.4,   2.03,
1590200612, 051904, 064252,   24.7,   0.14,
1590200611, 051904, 064202,   33.6,   3.51,
1590200610, 051904, 064153,   33.6,   0.50,
1590200609, 051904, 064103,   44.5,   0.34,
1590200608, 051904, 064012,   58.9,   2.66,
1590200607, 051904, 063912,   73.6,   0.17,
1590200606, 051904, 063752,   99.6,   0.32,
1590200605, 051904, 063622,  123.1,   0.00,
1590200604, 051904, 063457,  149.7,   0.06,
1590200603, 051904, 063352,  174.0,   0.06,
1600200714, 061604, 064721,    4.3,  13.68,
1600200713, 061604, 064611,   14.3,  18.76,
1600200712, 061604, 064506,   24.4,   5.78,
1600200711, 061604, 064402,   34.3,  17.41,
1600200710, 061604, 064351,   34.5,   0.87,
1600200709, 061604, 064246,   44.2,  10.59,
1600200708, 061604, 064131,   59.4,   4.32,
1600200707, 061604, 064010,   74.5,   0.16,
1600200706, 061604, 063846,   98.4,   0.16,
1600200705, 061604, 063711,  125.3,   0.32,
1600200704, 061604, 063531,  149.8,   0.00,
1600200703, 061604, 063351,  176.2,   0.21,
1610200520, 071404, 032453,    5.2,   6.93,
1610200519, 071404, 032353,   15.2,   7.87,
1610200517, 071404, 032245,   23.9,   6.51,
1610200516, 071404, 032149,   35.1,   6.38,
1610200514, 071404, 032043,   44.1,   8.00,
1610200512, 071404, 031854,   59.8,   2.57,
1610200510, 071404, 031723,   75.3,   0.32,
1610200508, 071404, 031603,   99.7,   0.00,
1610200506, 071404, 031446,  125.3,   0.00,
1610200504, 071404, 031333,  150.0,   0.00,
1610200502, 071404, 031204,  174.1,   0.00,
1620200714, 081604, 065106,    4.6,   8.25,
1620200713, 081604, 065021,   14.2,   8.90,
1620200712, 081604, 064930,   24.1,   2.54,
1620200711, 081604, 064841,   34.8,   8.74,
1620200710, 081604, 064831,   34.7,   5.45,
1620200709, 081604, 064741,   45.1,   1.28,
1620200708, 081604, 064649,   58.6,   0.06,
1620200707, 081604, 064546,   75.5,   0.10,
1620200706, 081604, 064449,  100.4,   0.00,
1620200705, 081604, 064352,  123.0,   0.27,
1620200704, 081604, 064249,  148.5,   0.07,
1620200703, 081604, 064140,  175.7,   0.00,
1630200714, 092904, 064958,    4.4,   1.22,
1630200713, 092904, 064844,   15.3,   1.36,
1630200712, 092904, 064759,   25.1,   0.90,
1630200711, 092904, 064705,   35.4,   1.45,
1630200710, 092904, 064656,   35.4,   2.59,
1630200709, 092904, 064559,   45.0,   1.52,
1630200708, 092904, 064458,   60.5,   1.45,
1630200707, 092904, 064409,   74.8,   0.62,
1630200706, 092904, 064223,  100.4,   0.40,
1630200705, 092904, 064108,  124.9,   0.25,
1630200704, 092904, 063939,  150.4,   0.16,
1630200703, 092904, 063839,  174.5,   0.33,
1640200614, 103104, 064922,    4.8,   1.41,
1640200613, 103104, 064822,   14.4,   1.75,
1640200612, 103104, 064727,   24.6,   1.56,
1640200611, 103104, 064622,   35.4,   0.92,
1640200610, 103104, 064612,   35.3,   0.91,
1640200609, 103104, 064522,   45.0,   1.10,
1640200608, 103104, 064407,   60.4,   0.39,
1640200607, 103104, 064256,   74.4,   0.19,
1640200606, 103104, 064136,   98.8,   0.30,
1640200605, 103104, 064027,  125.6,   0.19,
1640200604, 103104, 063806,  149.0,   0.00,
1640200603, 103104, 063647,  175.1,   0.30,
1650200622, 112804, 035436,    4.6,   0.06,
1650200621, 112804, 035321,   14.4,   1.55,
1650200619, 112804, 035206,   24.3,   3.64,
1650200618, 112804, 035051,   35.2,   5.07,
1650200617, 112804, 035036,   35.2,   0.14,
1650200615, 112804, 034906,   44.3,   3.00,
1650200614, 112804, 034751,   59.9,   1.73,
1650200612, 112804, 034620,   74.7,   0.53,
1650200609, 112804, 034421,  100.1,   0.16,
1650200607, 112804, 034252,  124.6,   0.85,
1650200605, 112804, 034121,  149.4,   0.00,
1650200603, 112804, 033921,  174.8,   0.79,
1660200721, 122104, 040449,    4.4,   0.20,
1660200720, 122104, 040310,   15.1,   0.11,
1660200718, 122104, 040124,   25.3,   0.25,
1660200717, 122104, 035957,   36.4,   0.00,
1660200716, 122104, 035948,   36.3,   0.00,
1660200714, 122104, 035808,   44.4,   0.14,
1660200713, 122104, 035614,   59.5,   0.36,
1660200711, 122104, 035420,   75.4,   0.40,
1660200709, 122104, 035204,  100.0,   0.12,
1660200707, 122104, 035001,  125.0,   0.30,
1660200705, 122104, 034745,  148.9,   0.10,
1660200703, 122104, 034519,  175.0,   0.00,
1670200617, 020205, 040113,    5.3,   0.86,
1670200616, 020205, 035958,   15.4,   0.00,
1670200615, 020205, 035847,   25.3,   0.67,
1670200614, 020205, 035727,   35.6,   0.00,
1670200613, 020205, 035718,   35.7,   0.16,
1670200612, 020205, 035607,   45.5,   0.01,
1670200611, 020205, 035423,   60.4,   0.04,
1670200610, 020205, 035243,   75.7,   0.01,
1670200606, 020205, 035016,  100.6,   0.39,
1670200605, 020205, 034836,  126.0,   0.05,
1670200604, 020205, 034658,  150.3,   0.00,
1670200603, 020205, 034525,  175.8,   0.03,
1680200614, 030505, 035557,    5.4,   0.26,
1680200613, 030505, 035449,   15.4,   0.27,
1680200612, 030505, 035328,   25.4,   0.54,
1680200611, 030505, 035206,   34.9,   0.07,
1680200610, 030505, 035153,   34.9,   0.30,
1680200609, 030505, 035039,   45.2,   0.31,
1680200608, 030505, 034923,   60.4,   0.45,
1680200607, 030505, 034753,   75.6,   0.30,
1680200606, 030505, 034616,   99.2,   0.12,
1680200605, 030505, 034436,  125.4,   0.00,
1680200604, 030505, 034312,  150.3,   0.06,
1680200603, 030505, 034139,  176.0,   0.78,
1690201122, 051905, 043614,    8.2,   0.38,
1690201121, 051905, 043300,   15.3,   0.25,
1690201119, 051905, 043133,   25.4,   0.09,
1690201118, 051905, 043011,   34.8,   0.52,
1690201117, 051905, 043002,   34.8,   0.01,
1690201115, 051905, 042832,   44.8,   0.28,
1690201114, 051905, 042704,   60.6,   0.02,
1690201112, 051905, 042521,   75.8,   0.20,
1690201111, 051905, 042356,   99.2,   0.00,
1690201110, 051905, 042204,  125.6,   0.03,
1690201109, 051905, 042013,  150.2,   0.44,
1690201108, 051905, 041829,  173.8,   0.26,
1700200620, 061505, 040849,    7.9,   0.51,
1700200619, 061505, 040543,   15.1,   0.05,
1700200612, 061505, 040230,   24.3,   0.66,
1700200611, 061505, 040107,   35.7,   0.49,
1700200610, 061505, 040050,   35.4,   0.52,
1700200609, 061505, 035931,   44.5,   0.17,
1700200608, 061505, 035808,   60.7,   0.00,
1700200607, 061505, 035648,   75.0,   0.50,
1700200606, 061505, 035500,  100.1,   1.73,
1700200605, 061505, 035323,  124.5,   0.79,
1700200604, 061505, 035117,  149.5,   0.21,
1700200603, 061505, 034847,  175.1,   0.83,
1710200718, 071705, 040737,    4.8,   0.97,
1710200717, 071705, 040631,   14.9,   1.79,
1710200716, 071705, 040535,   24.5,   1.05,
1710200715, 071705, 040421,   34.6,   0.72,
1710200714, 071705, 040411,   34.7,   1.38,
1710200713, 071705, 040246,   45.4,   1.65,
1710200712, 071705, 040121,   60.2,   0.11,
1710200710, 071705, 040001,   75.0,   0.87,
1710200709, 071705, 035822,  100.3,   0.11,
1710200707, 071705, 035622,  124.9,   0.17,
1710200706, 071705, 035451,  150.3,   0.00,
1710200705, 071705, 035301,  174.6,   0.08,
1720200620, 081405, 040712,    4.8,   3.25,
1720200619, 081405, 040558,   14.3,   2.69,
1720200618, 081405, 040441,   24.5,   0.89,
1720200617, 081405, 040308,   34.5,   1.26,
1720200616, 081405, 040259,   34.5,   1.10,
1720200615, 081405, 040132,   45.1,   2.79,
1720200614, 081405, 040015,   60.1,   6.02,
1720200613, 081405, 035842,   74.1,   3.37,
1720200612, 081405, 035711,   99.8,   2.80,
1720200610, 081405, 035431,  124.4,   3.20,
1720200608, 081405, 035129,  149.3,   3.20,
1720200606, 081405, 034754,  174.9,   2.71,
1730200614, 091005, 040053,    4.1,   0.18,
1730200613, 091005, 035933,   15.3,   1.44,
1730200612, 091005, 035830,   23.4,   2.44,
1730200611, 091005, 035647,   35.0,   2.86,
1730200610, 091005, 035640,   35.1,   0.00,
1730200609, 091005, 035522,   45.0,   0.64,
1730200608, 091005, 035346,   59.7,   0.38,
1730200607, 091005, 035210,   74.4,   0.40,
1730200606, 091005, 035045,  100.5,   0.16,
1730200605, 091005, 034911,  124.4,   0.45,
1730200604, 091005, 034744,  149.2,   0.34,
1730200603, 091005, 034613,  175.8,   0.51,
1740200620, 100805, 020939,    8.0,   0.63,
1740200619, 100805, 020724,   16.4,   0.01,
1740200618, 100805, 020604,   25.6,   0.15,
1740200617, 100805, 020453,   34.5,   0.76,
1740200616, 100805, 020444,   34.5,   1.23,
1740200615, 100805, 020333,   43.5,   0.11,
1740200614, 100805, 020223,   59.2,   0.64,
1740200613, 100805, 020104,   74.8,   0.04,
1740200612, 100805, 015933,   99.2,   0.00,
1740200611, 100805, 015732,  124.6,   0.00,
1740200610, 100805, 015537,  149.5,   0.00,
1740200609, 100805, 015341,  175.0,   0.00,
1750201723, 111305, 100625,    5.0,   0.03,
1750201722, 111305, 100432,   14.0,   0.00,
1750201717, 111305, 100242,   24.4,   0.06,
1750201716, 111305, 100132,   34.0,   0.21,
1750201715, 111305, 100124,   33.8,   0.17,
1750201714, 111305, 100014,   43.2,   0.49,
1750201713, 111305, 095907,   58.8,   0.30,
1750201711, 111305, 095742,   74.2,   0.07,
1750201709, 111305, 095548,   98.3,   0.00,
1750201708, 111305, 095349,  123.8,   0.00,
1750201705, 111305, 095138,  148.3,   0.00,
1750201703, 111305, 094947,  173.5,   0.00,
1760200614, 121305, 040551,    5.4,   0.69,
1760200613, 121305, 040405,   15.7,   1.46,
1760200612, 121305, 040205,   26.1,   3.28,
1760200611, 121305, 040045,   36.1,   0.00,
1760200610, 121305, 040036,   36.1,   2.12,
1760200609, 121305, 035851,   45.8,   0.39,
1760200608, 121305, 035711,   60.5,   0.73,
1760200607, 121305, 035531,   76.0,   1.57,
1760200606, 121305, 035346,  100.4,   0.70,
1760200605, 121305, 035201,  124.5,   0.42,
1760200604, 121305, 034951,  150.6,   0.68,
1760200603, 121305, 034741,  174.7,   0.61,
1770201224, 012606, 201145,    5.4,   0.00,
1770201222, 012606, 200958,   13.2,   0.00,
1770201221, 012606, 200858,   25.1,   0.00,
1770201219, 012606, 200759,   34.4,   0.00,
1770201218, 012606, 200752,   34.1,   0.00,
1770201216, 012606, 200648,   42.2,   0.00,
1770201215, 012606, 200548,   60.0,   0.00,
1770201213, 012606, 200423,   75.7,   0.00,
1770201211, 012606, 200258,   99.5,   0.00,
1770201209, 012606, 200123,  125.1,   0.00,
1770201207, 012606, 195948,  149.8,   0.00,
1770201205, 012606, 195808,  174.9,   0.00,
1790200923, 031006, 044305,    8.3,   0.46,
1790200922, 031006, 044119,   13.5,   0.18,
1790200920, 031006, 043850,   25.1,   0.20,
1790200919, 031006, 043716,   34.6,   0.10,
1790200918, 031006, 043708,   34.6,   6.08,
1790200915, 031006, 043535,   43.7,   0.17,
1790200914, 031006, 043406,   63.4,   0.00,
1790200911, 031006, 043221,   81.9,   0.70,
1790200909, 031006, 043051,   99.6,   0.50,
1790200907, 031006, 042851,  127.3,   0.22,
1790200905, 031006, 042711,  152.0,   0.00,
1790200903, 031006, 042531,  173.6,   0.36,
1800200621, 040206, 050929,    7.4,   1.00,
1800200620, 040206, 050817,   17.5,   0.00,
1800200618, 040206, 050528,   23.3,   0.00,
1800200617, 040206, 050357,   35.8,   0.00,
1800200616, 040206, 050346,   35.6,   0.00,
1800200613, 040206, 050206,   45.1,   0.00,
1800200612, 040206, 050042,   60.4,   0.00,
1800200610, 040206, 045843,   74.4,   0.00,
1800200606, 040206, 045607,   98.2,   0.00,
1800200605, 040206, 045431,  125.9,   0.00,
1800200604, 040206, 045241,  149.9,   0.00,
1800200603, 040206, 045051,  169.4,   0.00,
1810200724, 052706, 040422,    7.9,   2.77,
1810200722, 052706, 040221,   14.8,   0.17,
1810200720, 052706, 040021,   25.2,   1.30,
1810200719, 052706, 035836,   37.0,   0.00,
1810200718, 052706, 035826,   37.1,   1.31,
1810200715, 052706, 035626,   44.9,   0.94,
1810200714, 052706, 035414,   59.5,   0.00,
1810200711, 052706, 035140,   75.7,   1.56,
1810200709, 052706, 034933,  101.1,   2.56,
1810200707, 052706, 034646,  125.4,   2.20,
1810200705, 052706, 034448,  151.2,   1.33,
1810200704, 052706, 034256,  175.1,   0.00,
1820200623, 061406, 040955,    8.7,   0.30,
1820200622, 061406, 040737,   15.5,   1.52,
1820200620, 061406, 040555,   25.2,   0.02,
1820200619, 061406, 040434,   35.8,   0.00,
1820200618, 061406, 040425,   36.0,   0.00,
1820200615, 061406, 040237,   46.0,   0.00,
1820200614, 061406, 040120,   60.6,   0.00,
1820200611, 061406, 035941,   75.2,   0.00,
1820200609, 061406, 035742,  100.7,   0.00,
1820200607, 061406, 035506,  126.1,   0.00,
1820200605, 061406, 035304,  149.6,   0.90,
1820200603, 061406, 035115,  174.7,   0.00,
1830200723, 071306, 044558,    6.7,   2.76,
1830200722, 071306, 044337,   14.5,   0.92,
1830200720, 071306, 044212,   24.7,   1.34,
1830200719, 071306, 044057,   33.9,   2.60,
1830200718, 071306, 044047,   34.1,   3.00,
1830200715, 071306, 043912,   45.1,   2.88,
1830200714, 071306, 043737,   59.3,   0.48,
1830200711, 071306, 043552,   74.6,   2.74,
1830200709, 071306, 043238,   98.5,   2.14,
1830200707, 071306, 043027,  123.7,   1.06,
1830200705, 071306, 042817,  149.6,   1.41,
1830200703, 071306, 042627,  173.7,   1.13,
1840200717, 080906, 041400,    8.2,   0.04,
1840200716, 080906, 041221,   15.7,   0.45,
1840200714, 080906, 041026,   23.3,   0.25,
1840200713, 080906, 040850,   35.3,   0.52,
1840200712, 080906, 040841,   35.3,   0.80,
1840200710, 080906, 040701,   45.3,   1.85,
1840200709, 080906, 040521,   59.3,   0.05,
1840200707, 080906, 040321,   75.5,   0.63,
1840200706, 080906, 040051,  100.1,   0.37,
1840200705, 080906, 035900,  124.9,   0.08,
1840200704, 080906, 035710,  150.5,   0.16,
1840200703, 080906, 035531,  175.4,   0.00,
1850200623, 091606, 035428,    6.1,   1.23,
1850200622, 091606, 035301,   15.4,   5.49,
1850200620, 091606, 035043,   25.9,   0.00,
1850200619, 091606, 034930,   35.7,   0.30,
1850200618, 091606, 034920,   35.7,   0.30,
1850200615, 091606, 034800,   45.6,   0.03,
1850200614, 091606, 034653,   60.8,   0.11,
1850200611, 091606, 034509,   75.8,   0.38,
1850200609, 091606, 034337,  100.2,   0.41,
1850200607, 091606, 034200,  125.4,   0.00,
1850200605, 091606, 034018,  150.3,   0.00,
1850200603, 091606, 033833,  175.7,   0.21,
1860201523, 102106, 040953,    6.9,   2.33,
1860201522, 102106, 040743,   15.6,   1.59,
1860201520, 102106, 040613,   25.6,   0.75,
1860201519, 102106, 040451,   34.8,   0.40,
1860201518, 102106, 040423,   34.6,   0.00,
1860201515, 102106, 040223,   46.2,   0.81,
1860201514, 102106, 040023,   60.8,   0.41,
1860201511, 102106, 035603,   75.2,   2.04,
1860201509, 102106, 035343,  100.9,   0.00,
1860201507, 102106, 035148,  126.2,   0.00,
1860201505, 102106, 034928,  148.1,   0.00,
1860201503, 102106, 034723,  174.7,   0.00,
1870200623, 110906, 041437,    6.8,   1.72,
1870200622, 110906, 041235,   13.6,   2.91,
1870200620, 110906, 041057,   25.7,   0.00,
1870200619, 110906, 040941,   36.4,   3.65,
1870200618, 110906, 040931,   36.3,   1.31,
1870200616, 110906, 040820,   45.6,   2.96,
1870200615, 110906, 040642,   60.6,   0.02,
1870200612, 110906, 040507,   74.7,   0.21,
1870200610, 110906, 040323,  100.7,   0.00,
1870200607, 110906, 035937,  124.5,   0.00,
1870200605, 110906, 035726,  149.2,   0.00,
1870200603, 110906, 035527,  175.3,   0.69,
1880200623, 121006, 035713,    7.6,   0.42,
1880200622, 121006, 035554,   17.0,   0.44,
1880200620, 121006, 035338,   25.2,   0.00,
1880200619, 121006, 035232,   34.9,   0.00,
1880200618, 121006, 035226,   35.1,   0.00,
1880200615, 121006, 035054,   45.7,   0.85,
1880200614, 121006, 034946,   59.8,   1.14,
1880200611, 121006, 034828,   75.0,   0.20,
1880200609, 121006, 034653,   98.6,   0.00,
1880200607, 121006, 034522,  124.5,   0.00,
1880200605, 121006, 034352,  149.3,   0.00,
1880200603, 121006, 034208,  176.0,   0.00,
1890200723, 020707, 040949,    5.1,   0.00,
1890200722, 020707, 040750,   15.2,   0.00,
1890200720, 020707, 040620,   25.1,   0.00,
1890200719, 020707, 040457,   34.7,   0.00,
1890200718, 020707, 040448,   34.9,   0.00,
1890200715, 020707, 040320,   44.5,   0.00,
1890200714, 020707, 040130,   59.7,   2.12,
1890200711, 020707, 035920,   74.7,   0.00,
1890200709, 020707, 035708,  100.0,   0.00,
1890200707, 020707, 035421,  123.9,   0.00,
1890200705, 020707, 035220,  149.6,   0.00,
1890200703, 020707, 034949,  181.4,   0.00,
1900200723, 032107, 035436,    5.0,   1.00,
1900200722, 032107, 035233,   14.9,   0.00,
1900200720, 032107, 035103,   24.5,   0.00,
1900200719, 032107, 034953,   34.5,   0.00,
1900200718, 032107, 034942,   34.5,   0.00,
1900200715, 032107, 034806,   45.0,   0.00,
1900200714, 032107, 034656,   60.2,   0.00,
1900200711, 032107, 034517,   74.8,   0.00,
1900200709, 032107, 034341,   99.9,   0.00,
1900200707, 032107, 034159,  124.2,   1.43,
1900200705, 032107, 034019,  149.4,   0.00,
1900200703, 032107, 033827,  176.3,   0.00,
1910200723, 050507, 050412,    7.1,   3.71,
1910200722, 050507, 050142,   15.1,   0.27,
1910200720, 050507, 050016,   24.3,   0.32,
1910200719, 050507, 045910,   34.4,   0.38,
1910200718, 050507, 045857,   34.2,   0.87,
1910200715, 050507, 045638,   45.0,   0.00,
1910200714, 050507, 045522,   59.7,   1.69,
1910200711, 050507, 045307,   74.6,   1.12,
1910200709, 050507, 045113,  100.2,   0.27,
1910200707, 050507, 044927,  124.9,   0.08,
1910200705, 050507, 044747,  150.4,   0.00,
1910200703, 050507, 044613,  176.3,   0.00,
1920200623, 061007, 055743,    6.4,   1.56,
1920200622, 061007, 055553,   14.8,   0.00,
1920200620, 061007, 055353,   25.5,   0.00,
1920200619, 061007, 055213,   35.4,   0.88,
1920200618, 061007, 055203,   35.4,   0.00,
1920200615, 061007, 054953,   45.8,   1.30,
1920200611, 061007, 054553,   74.9,   0.00,
1920200609, 061007, 054353,  100.4,   0.00,
1920200607, 061007, 054214,  124.5,   0.00,
1920200605, 061007, 054030,  150.7,   0.00,
1920200603, 061007, 053828,  176.0,   0.00,
1930200423, 070807, 041930,    6.3,   0.00,
1930200422, 070807, 041441,   14.9,   0.00,
1930200420, 070807, 041241,   24.9,   0.47,
1930200419, 070807, 041106,   35.5,   0.00,
1930200418, 070807, 041101,   35.5,   0.38,
1930200415, 070807, 040856,   45.8,   0.00,
1930200414, 070807, 040646,   59.8,   0.00,
1930200412, 070807, 040451,   75.5,   0.02,
1930200409, 070807, 040156,  100.1,   0.00,
1930200407, 070807, 035921,  125.1,   0.00,
1930200405, 070807, 035700,  150.0,   0.00,
1930200403, 070807, 035435,  174.9,   0.00,
1940200623, 080407, 040931,    5.6,   2.29,
1940200622, 080407, 040520,   15.8,   1.08,
1940200620, 080407, 040331,   24.7,   3.74,
1940200619, 080407, 040211,   34.9,   0.67,
1940200618, 080407, 040203,   34.9,   2.47,
1940200615, 080407, 035946,   45.8,   0.54,
1940200614, 080407, 035818,   59.7,   0.71,
1940200611, 080407, 035622,   75.1,   1.25,
1940200609, 080407, 035417,  100.8,   0.82,
1940200607, 080407, 035211,  124.9,   0.00,
1940200605, 080407, 035031,  149.6,   1.13,
1940200603, 080407, 034841,  175.5,   0.00,
1950200623, 090307, 040451,    6.9,   4.96,
1950200622, 090307, 040311,   16.6,   1.33,
1950200620, 090307, 040022,   25.6,   3.04,
1950200619, 090307, 035901,   36.5,  10.98,
1950200618, 090307, 035851,   36.5,   3.41,
1950200615, 090307, 035722,   46.2,   1.46,
1950200614, 090307, 035611,   60.9,   0.00,
1950200611, 090307, 035442,   76.4,   0.00,
1950200609, 090307, 035321,  101.6,   0.00,
1950200607, 090307, 035151,  124.7,   1.02,
1950200605, 090307, 035021,  150.9,   0.00,
1950200603, 090307, 034851,  175.3,   0.00,
1960201423, 100407, 040344,    5.4,   4.54,
1960201422, 100407, 040201,   15.1,   5.39,
1960201420, 100407, 040017,   25.6,   0.38,
1960201419, 100407, 035846,   35.1,   1.50,
1960201418, 100407, 035837,   35.1,   0.56,
1960201415, 100407, 035643,   45.1,   2.29,
1960201414, 100407, 035452,   60.5,   1.88,
1960201411, 100407, 035231,   74.8,   1.41,
1960201409, 100407, 035028,  100.2,   1.45,
1960201407, 100407, 034812,  125.4,   0.00,
1960201405, 100407, 034606,  150.0,   0.00,
1960201403, 100407, 034401,  175.4,   0.00,
1970201423, 120307, 050145,    6.6,   3.89,
1970201422, 120307, 045815,   15.5,   2.40,
1970201420, 120307, 045622,   27.0,   3.05,
1970201419, 120307, 045441,   35.2,   3.93,
1970201418, 120307, 045430,   35.0,   2.01,
1970201415, 120307, 045236,   45.1,   1.09,
1970201414, 120307, 045045,   59.8,   1.21,
1970201411, 120307, 044735,   74.6,   0.14,
1970201409, 120307, 044525,  100.5,   0.00,
1970201407, 120307, 044316,  125.9,   0.00,
1970201405, 120307, 044120,  152.5,   3.26,
1970201403, 120307, 043910,  176.0,   0.00,
1980201523, 122207, 040651,    6.7,   0.58,
1980201522, 122207, 040140,   15.6,   0.60,
1980201520, 122207, 040000,   24.3,   0.62,
1980201519, 122207, 035818,   37.4,   0.00,
1980201518, 122207, 035811,   37.4,   0.38,
1980201515, 122207, 035643,   44.6,   0.76,
1980201514, 122207, 035516,   60.3,   1.99,
1980201512, 122207, 035335,   74.2,   0.37,
1980201510, 122207, 035127,  102.4,   0.99,
1980201508, 122207, 034927,  125.7,   0.00,
1980201506, 122207, 034732,  149.6,   0.00,
1980201504, 122207, 034523,  174.2,   0.00,
1990201423, 013108, 035802,    5.8,   0.00,
1990201422, 013108, 035516,   15.7,   0.00,
1990201420, 013108, 035356,   25.0,   0.00,
1990201419, 013108, 035246,   34.5,   0.00,
1990201418, 013108, 035236,   34.5,   0.00,
1990201415, 013108, 035106,   44.3,   0.00,
1990201414, 013108, 034946,   60.1,   0.00,
1990201411, 013108, 034746,   75.7,   0.00,
1990201409, 013108, 034606,  100.9,   0.00,
1990201407, 013108, 034431,  126.3,   0.00,
1990201405, 013108, 034251,  150.3,   0.00,
1990201403, 013108, 034107,  175.9,   0.00,
2000201423, 022508, 040058,    6.5,   0.19,
2000201422, 022508, 035809,   15.5,   0.00,
2000201420, 022508, 035655,   24.3,   0.56,
2000201419, 022508, 035537,   34.2,   0.00,
2000201418, 022508, 035524,   34.7,   0.00,
2000201415, 022508, 035334,   45.2,   5.09,
2000201414, 022508, 035225,   60.4,   1.44,
2000201411, 022508, 035055,   74.9,   0.11,
2000201409, 022508, 034920,  101.6,   0.00,
2000201407, 022508, 034750,  124.5,   0.16,
2000201405, 022508, 034620,  150.2,   0.00,
2000201403, 022508, 034445,  175.9,   0.00,