botid, date, time, press, ph, 
#, mmddyy, hhmmss, dbar,  , 
0440200412, 012093, 065339,  135.1,  8.071,
0440200410, 012093, 064754,  160.5,  8.019,
0440200512, 012093, 100604,    9.1,  8.094,
0440200511, 012093, 100428,   24.7,  8.095,
0440200509, 012093, 100211,   45.3,  8.092,
0440200507, 012093, 095907,   75.5,  8.097,
0440200502, 012093, 095354,  130.4,  8.089,
0440200611, 012093, 142230,    6.5,  8.081,
0440200712, 012093, 174715,    3.9,  8.098,
0440200812, 012093, 200615,    4.3,  8.090,
0440201004, 012193, 022926,    5.2,  8.096,
0440201104, 012193, 053359,   10.7,  8.098,
0440201208, 012193, 082847,   11.3,  8.090,
0440201207, 012193, 082832,   11.3,  8.094,
0440201205, 012193, 082657,   27.6,  8.097,
0440201204, 012193, 082649,   27.6,  8.096,
0440201312, 012193, 114728,    5.2,  8.099,
0440201412, 012193, 144314,    8.8,  8.090,
0440201609, 012193, 202911,    8.7,  8.090,
0440201712, 012293, 001237,    7.2,  8.092,
0440201804, 012293, 025253,    7.3,  8.097,
0450200621, 021793, 071005,    5.1,  8.102,
0450200618, 021793, 070703,   24.3,  8.089,
0450200616, 021793, 070450,   45.4,  8.087,
0450200614, 021793, 070157,   74.3,  8.073,
0450200610, 021793, 065657,  114.5,  8.022,
0450200607, 021793, 065048,  151.5,  7.977,
0460200323, 041493, 071322,    3.8,  8.089,
0460200320, 041493, 071013,   26.0,  8.090,
0460200316, 041493, 070643,   75.5,  8.088,
0460200313, 041493, 070356,  104.9,  8.077,
0460200311, 041493, 070154,  125.0,  8.058,
0460200309, 041493, 065937,  150.4,  8.051,
0460200305, 041493, 065418,  196.2,  8.009,
0460200416, 041493, 103653,  148.1,  8.058,
0460200415, 041493, 103520,  179.0,  8.042,
0470200923, 052193, 020700,    6.6,  8.099,
0470200921, 052193, 020414,   24.5,  8.095,
0470200911, 052193, 015212,  124.5,  8.081,
0470200909, 052193, 014941,  150.1,  8.046,
0470200907, 052193, 014625,  176.4,  8.035,
0500200623, 102993, 074530,    7.1,  8.114,
0500200622, 102993, 074421,   17.2,  8.115,
0500200620, 102993, 074255,   27.1,  8.115,
0500200618, 102993, 074000,   48.4,  8.110,
0500200617, 102993, 073831,   58.5,  8.106,
0500200616, 102993, 073558,   80.3,  8.084,
0500200615, 102993, 073442,   78.9,  8.083,
0500200614, 102993, 073318,   93.4,  8.070,
0500200613, 102993, 073200,  105.2,  8.046,
0500200612, 102993, 073009,  117.8,  8.038,
0500200610, 102993, 072754,  125.0,  8.032,
0500200608, 102993, 072512,  138.4,  8.010,
0500200607, 102993, 072336,  148.9,  7.988,
0500200606, 102993, 072201,  163.4,  7.977,
0500200604, 102993, 071824,  182.6,  7.962,
0500201514, 103093, 113012,  125.8,  8.000,
0500201513, 103093, 112904,  134.9,  7.988,
0500201512, 103093, 112800,  144.8,  7.981,
0500201511, 103093, 112653,  155.2,  7.976,
0500201510, 103093, 112543,  165.5,  7.961,
0500201509, 103093, 112435,  175.3,  7.956,
0500201508, 103093, 112322,  185.6,  7.947,
0500201507, 103093, 112217,  194.6,  7.924,
0550200424, 072594, 080841,    4.7,  8.104,
0550200418, 072594, 080309,   43.8,  8.107,
0550200417, 072594, 080147,   59.8,  8.102,
0550200416, 072594, 080028,   74.3,  8.095,
0550200412, 072594, 075548,  104.2,  8.082,
0550200411, 072594, 075431,  115.3,  8.061,
0550200410, 072594, 075215,  124.2,  8.062,
0550200409, 072594, 075043,  134.4,  8.033,
0550200405, 072594, 074516,  175.0,  7.995,
0550200404, 072594, 074318,  184.8,  7.981,
0560200519, 083094, 064327,   25.2,  8.110,
0560200517, 083094, 064204,   35.2,  8.110,
0560200516, 083094, 064059,   44.6,  8.111,
0560200515, 083094, 063939,   59.6,  8.096,
0560200514, 083094, 063820,   75.9,  8.085,
0560200513, 083094, 063710,   85.0,  8.080,
0560200512, 083094, 063552,   94.4,  8.067,
0560200511, 083094, 063441,  105.5,  8.049,
0560200510, 083094, 063309,  115.0,  8.027,
0560200509, 083094, 063142,  125.1,  8.015,
0560200508, 083094, 063030,  135.4,  8.003,
0560200507, 083094, 062910,  150.4,  8.002,
0560200505, 083094, 062619,  175.6,  7.978,
0560200504, 083094, 062448,  184.7,  7.968,
0560201306, 083194, 064931,    4.6,  8.112,
0560201305, 083194, 064747,   24.6,  8.113,
0570200422, 092394, 080740,    5.4,  8.109,
0570200419, 092394, 080533,   25.2,  8.110,
0570200417, 092394, 080414,   35.0,  8.109,
0570200416, 092394, 080328,   44.6,  8.110,
0570200415, 092394, 080222,   59.9,  8.102,
0570200414, 092394, 080124,   75.2,  8.095,
0570200413, 092394, 080023,   84.9,  8.091,
0570200412, 092394, 075920,   95.1,  8.079,
0570200411, 092394, 075819,  105.2,  8.070,
0570200410, 092394, 075725,  115.6,  8.070,
0570200409, 092394, 075629,  124.1,  8.059,
0570200408, 092394, 075530,  135.5,  8.047,
0570200407, 092394, 075420,  149.6,  8.040,
0570200406, 092394, 075322,  158.7,  8.031,
0570200405, 092394, 075144,  174.4,  8.018,
0570200404, 092394, 075036,  184.7,  8.010,
0570200403, 092394, 074918,  200.0,  8.000,
0570201217, 092494, 080907,    5.7,  8.107,
0570201215, 092494, 080727,   25.5,  8.117,
0570201924, 092594, 053549,    5.0,  8.113,
0570201923, 092594, 053425,   24.6,  8.112,
0570201919, 092594, 052840,  104.5,  8.084,
0570201918, 092594, 052731,  109.9,  8.078,
0570201917, 092594, 052643,  115.2,  8.075,
0570201916, 092594, 052604,  119.2,  8.071,
0570201915, 092594, 052509,  125.1,  8.058,
0570201914, 092594, 052418,  130.3,  8.051,
0570201913, 092594, 052325,  135.6,  8.048,
0570201912, 092594, 052226,  140.7,  8.043,
0570201910, 092594, 052057,  149.6,  8.028,
0570201909, 092594, 052016,  154.7,  8.023,
0570201908, 092594, 051924,  159.5,  8.019,
0570201907, 092594, 051818,  170.1,  8.014,
0580200422, 101594, 035858,   45.0,  8.107,
0580200420, 101594, 035720,   59.2,  8.104,
0580200623, 101594, 090630,    5.0,  8.102,
0580200620, 101594, 090405,   25.1,  8.106,
0580200618, 101594, 090259,   34.3,  8.105,
0580200617, 101594, 090155,   44.6,  8.103,
0580200616, 101594, 090029,   59.5,  8.101,
0580200615, 101594, 085919,   74.5,  8.084,
0580200614, 101594, 085814,   84.2,  8.089,
0580200613, 101594, 085659,   94.7,  8.081,
0580200612, 101594, 085552,  104.7,  8.071,
0580200611, 101594, 085446,  115.3,  8.059,
0580200610, 101594, 085344,  124.7,  8.045,
0580200609, 101594, 085237,  134.8,  8.039,
0580200605, 101594, 084753,  185.4,  8.008,
0580201306, 101694, 055345,    4.9,  8.106,
0580201305, 101694, 055225,   25.0,  8.106,
0590200521, 112094, 074403,    5.3,  8.106,
0590200518, 112094, 074159,   25.2,  8.105,
0590200517, 112094, 074104,   34.2,  8.106,
0590200516, 112094, 074000,   43.2,  8.106,
0590200515, 112094, 073843,   58.7,  8.107,
0590200514, 112094, 073739,   74.0,  8.106,
0590200513, 112094, 073617,   86.5,  8.102,
0590200512, 112094, 073511,   94.9,  8.081,
0590200511, 112094, 073417,  102.3,  8.071,
0590200510, 112094, 073315,  115.7,  8.058,
0590200509, 112094, 073217,  125.2,  8.047,
0590200508, 112094, 073105,  135.4,  8.043,
0590200507, 112094, 072946,  150.6,  8.024,
0590200506, 112094, 072848,  159.8,  8.019,
0590200505, 112094, 072743,  173.0,  8.002,
0590200504, 112094, 072631,  185.0,  7.978,
0590201224, 112194, 043911,    4.6,  8.106,
0590201221, 112194, 043635,   25.8,  8.108,
0600200523, 020695, 075919,    5.0,  8.087,
0600200520, 020695, 075712,   23.4,  8.086,
0600200518, 020695, 075556,   34.1,  8.089,
0600200517, 020695, 075505,   43.8,  8.088,
0600200516, 020695, 075410,   59.8,  8.092,
0600200515, 020695, 075314,   74.9,  8.093,
0600200514, 020695, 075220,   84.8,  8.090,
0600200513, 020695, 075139,   95.5,  8.088,
0600200512, 020695, 075053,  104.3,  8.082,
0600200511, 020695, 075008,  113.5,  8.076,
0600200509, 020695, 074812,  123.8,  8.058,
0600200508, 020695, 074717,  133.6,  8.042,
0600200507, 020695, 074619,  149.8,  8.035,
0600200506, 020695, 074522,  160.2,  8.012,
0600200505, 020695, 074424,  175.1,  7.953,
0600200504, 020695, 074333,  184.4,  7.963,
0600200503, 020695, 074227,  199.5,  7.959,
0600200617, 020795, 091424,    5.6,  8.089,
0600200615, 020795, 091242,   24.6,  8.090,
0610200423, 030495, 080049,    5.5,  8.084,
0610200420, 030495, 075830,   25.5,  8.086,
0610200418, 030495, 075717,   34.0,  8.082,
0610200417, 030495, 075600,   44.7,  8.069,
0610200416, 030495, 075458,   57.9,  8.061,
0610200415, 030495, 075325,   78.0,  8.052,
0610200414, 030495, 075206,   85.2,  8.051,
0610200413, 030495, 075058,   96.0,  8.040,
0610200412, 030495, 074941,  106.3,  7.987,
0610200411, 030495, 074833,  111.9,  8.018,
0610200410, 030495, 074728,  123.6,  7.994,
0610200409, 030495, 074631,  134.2,  8.012,
0610200407, 030495, 074441,  149.2,  8.011,
0610200406, 030495, 074336,  161.3,  7.979,
0610200405, 030495, 074228,  174.9,  7.972,
0610200404, 030495, 074124,  184.9,  7.973,
0610200403, 030495, 074008,  200.0,  7.950,
0610201208, 030595, 083620,    4.7,  8.086,
0610201207, 030595, 083439,   25.1,  8.086,
0620200522, 040695, 070440,    4.4,  8.087,
0620200519, 040695, 070203,   25.1,  8.087,
0620200517, 040695, 070056,   33.6,  8.087,
0620200516, 040695, 065950,   44.8,  8.088,
0620200515, 040695, 065838,   60.9,  8.092,
0620200514, 040695, 065730,   75.2,  8.089,
0620200512, 040695, 065535,   93.3,  8.089,
0620200511, 040695, 065436,  104.5,  8.088,
0620200510, 040695, 065334,  114.4,  8.082,
0620200509, 040695, 065236,  124.0,  8.079,
0620200508, 040695, 065134,  134.9,  8.075,
0620200507, 040695, 065029,  149.2,  8.075,
0620200506, 040695, 064937,  160.2,  8.072,
0620200505, 040695, 064840,  173.8,  8.061,
0620200504, 040695, 064737,  183.6,  8.057,
0620201305, 040795, 074422,    4.5,  8.085,
0620201304, 040795, 074313,   24.8,  8.086,
0630200523, 050795, 090218,    5.0,  8.086,
0630200519, 050795, 085938,   24.7,  8.086,
0630200518, 050795, 085836,   34.3,  8.089,
0630200517, 050795, 085729,   45.0,  8.087,
0630200516, 050795, 085622,   59.5,  8.086,
0630200515, 050795, 085509,   75.6,  8.087,
0630200514, 050795, 085413,   84.3,  8.086,
0630200513, 050795, 085308,   95.2,  8.084,
0630200511, 050795, 085115,  115.0,  8.076,
0630200510, 050795, 085019,  124.3,  8.065,
0630200509, 050795, 084919,  135.3,  8.059,
0630200508, 050795, 084817,  149.8,  8.054,
0630200507, 050795, 084717,  159.4,  8.038,
0630200506, 050795, 084608,  174.7,  8.018,
0630200505, 050795, 084512,  184.9,  8.005,
0640200523, 073095, 082954,    5.0,  8.096,
0640200521, 073095, 082756,   24.3,  8.097,
0640200520, 073095, 082736,   24.4,  8.096,
0640200519, 073095, 082630,   35.0,  8.096,
0640200518, 073095, 082510,   45.1,  8.096,
0640200517, 073095, 082351,   60.1,  8.095,
0640200516, 073095, 082228,   74.9,  8.085,
0640200515, 073095, 082120,   85.0,  8.084,
0640200514, 073095, 082010,   95.6,  8.076,
0640200513, 073095, 081900,  104.7,  8.069,
0640200512, 073095, 081744,  114.6,  8.065,
0640200511, 073095, 081623,  124.5,  8.063,
0640200510, 073095, 081525,  133.8,  8.055,
0640200509, 073095, 081405,  149.5,  8.036,
0640200508, 073095, 081245,  160.7,  8.023,
0640200507, 073095, 081110,  174.3,  8.012,
0640200506, 073095, 081001,  183.9,  8.005,
0640201324, 073195, 120909,    4.0,  8.095,
0640201322, 073195, 120743,   24.7,  8.097,
0650200423, 082895, 073257,    4.7,  8.102,
0650200420, 082895, 073055,   25.0,  8.101,
0650200419, 082895, 073001,   44.3,  8.100,
0650200418, 082895, 072909,   60.3,  8.094,
0650200417, 082895, 072757,   74.4,  8.080,
0650200416, 082895, 072658,   84.3,  8.065,
0650200414, 082895, 072458,   94.7,  8.062,
0650200412, 082895, 072300,  105.2,  8.055,
0650200411, 082895, 072154,  114.8,  8.045,
0650200410, 082895, 072100,  124.8,  8.020,
0650200409, 082895, 072010,  135.4,  8.021,
0650200408, 082895, 071859,  149.6,  7.998,
0650200407, 082895, 071759,  160.0,  7.997,
0650200406, 082895, 071658,  173.3,  7.987,
0650200405, 082895, 071602,  184.8,  7.971,
0650201213, 082995, 073242,    5.1,  8.101,
0650201211, 082995, 073048,   26.3,  8.101,
0660200416, 092795, 040201,  199.9,  7.983,
0660200522, 092795, 070151,    5.0,  8.102,
0660200519, 092795, 065939,   24.8,  8.103,
0660200518, 092795, 065849,   35.0,  8.102,
0660200517, 092795, 065800,   45.5,  8.097,
0660200516, 092795, 065649,   60.4,  8.088,
0660200515, 092795, 065545,   74.5,  8.080,
0660200514, 092795, 065455,   85.0,  8.068,
0660200513, 092795, 065356,   93.9,  8.058,
0660200512, 092795, 065311,  104.1,  8.049,
0660201313, 092895, 065942,    5.3,  8.102,
0660201312, 092895, 065812,   25.0,  8.102,
0660201311, 092895, 065514,  115.3,  8.044,
0660201310, 092895, 065418,  124.6,  8.026,
0660201309, 092895, 065324,  134.1,  8.012,
0660201308, 092895, 065228,  149.2,  7.990,
0660201307, 092895, 065135,  160.1,  7.989,
0660201306, 092895, 065031,  175.3,  7.993,
0660201305, 092895, 064939,  185.2,  7.983,
0670200515, 102795, 025759,  199.4,  7.943,
0670200621, 102795, 060555,    4.6,  8.104,
0670200618, 102795, 060354,   24.4,  8.106,
0670200617, 102795, 060244,   44.3,  8.106,
0670200615, 102795, 055948,   75.0,  8.105,
0670200614, 102795, 055845,   84.9,  8.096,
0670200611, 102795, 055549,  114.9,  8.049,
0670200609, 102795, 055349,  134.7,  8.027,
0670200608, 102795, 055252,  149.1,  8.048,
0670200607, 102795, 055157,  158.3,  8.009,
0670200605, 102795, 054953,  185.0,  7.986,
0680200622, 111795, 060149,    5.0,  8.107,
0680200619, 111795, 055913,   24.0,  8.108,
0680200618, 111795, 055807,   34.5,  8.106,
0680200617, 111795, 055708,   44.3,  8.107,
0680200616, 111795, 055605,   60.9,  8.099,
0680200614, 111795, 055324,   85.5,  8.057,
0680200613, 111795, 055211,   94.1,  8.047,
0680200612, 111795, 055109,  104.3,  8.030,
0680200611, 111795, 054958,  114.3,  8.017,
0680200610, 111795, 054836,  125.0,  8.008,
0680200609, 111795, 054726,  134.5,  8.003,
0680200608, 111795, 054621,  149.9,  7.988,
0680200607, 111795, 054525,  160.3,  7.981,
0680200606, 111795, 054428,  175.1,  7.972,
0680200605, 111795, 054328,  184.7,  7.965,
0690200721, 011796, 075754,    4.6,  8.102,
0690200718, 011796, 075546,   24.9,  8.100,
0690200717, 011796, 075452,   34.8,  8.100,
0690200716, 011796, 075348,   44.8,  8.097,
0690200715, 011796, 075242,   59.6,  8.095,
0690200714, 011796, 075136,   74.6,  8.087,
0690200713, 011796, 075032,   84.3,  8.082,
0690200712, 011796, 074934,   94.4,  8.071,
0690200711, 011796, 074834,  104.4,  8.057,
0690200710, 011796, 074734,  114.4,  8.037,
0690200709, 011796, 074628,  124.8,  8.030,
0690200708, 011796, 074520,  134.9,  8.023,
0690200707, 011796, 074412,  149.5,  8.014,
0690200706, 011796, 074312,  160.0,  8.005,
0690200705, 011796, 074208,  174.4,  7.996,
0690200704, 011796, 074114,  184.4,  7.985,
0700200621, 032796, 080046,    4.8,  8.087,
0700200618, 032796, 075824,   24.4,  8.088,
0700200617, 032796, 075726,   34.0,  8.088,
0700200616, 032796, 075626,   44.3,  8.088,
0700200615, 032796, 075518,   58.8,  8.088,
0700200614, 032796, 075412,   72.8,  8.082,
0700200613, 032796, 075314,   84.4,  8.076,
0700200612, 032796, 075216,   95.2,  8.070,
0700200611, 032796, 075112,  104.6,  8.061,
0700200609, 032796, 074912,  123.7,  8.032,
0700200607, 032796, 074724,  148.7,  7.992,
0700200606, 032796, 074630,  159.1,  7.990,
0700200605, 032796, 074532,  173.0,  7.977,
0700200603, 032796, 074340,  199.6,  7.948,
0710200622, 042496, 070331,    4.6,  8.095,
0710200619, 042496, 070105,   23.6,  8.093,
0710200618, 042496, 065939,   34.3,  8.094,
0710200617, 042496, 065833,   44.1,  8.094,
0710200616, 042496, 065725,   59.0,  8.095,
0710200615, 042496, 065613,   74.1,  8.086,
0710200614, 042496, 065503,   84.4,  8.087,
0710200613, 042496, 065353,   94.2,  8.088,
0710200612, 042496, 065247,  104.1,  8.068,
0710200611, 042496, 065137,  114.8,  8.067,
0710200610, 042496, 065037,  123.9,  8.068,
0710200609, 042496, 064921,  134.5,  8.067,
0710200608, 042496, 064807,  150.5,  8.056,
0710200607, 042496, 064659,  160.5,  8.047,
0710200606, 042496, 064545,  174.5,  8.013,
0720200221, 052296, 060931,    5.1,  8.093,
0720200218, 052296, 060707,   24.6,  8.093,
0720200217, 052296, 060554,   35.1,  8.093,
0720200216, 052296, 060452,   44.5,  8.090,
0720200215, 052296, 060328,   61.1,  8.087,
0720200214, 052296, 060206,   75.1,  8.080,
0720200213, 052296, 060053,   85.0,  8.075,
0720200212, 052296, 055936,   94.3,  8.069,
0720200211, 052296, 055826,  105.1,  8.062,
0720200210, 052296, 055720,  116.3,  8.050,
0720200209, 052296, 055600,  125.0,  8.048,
0720200208, 052296, 055452,  134.8,  8.030,
0720200207, 052296, 055332,  149.0,  8.024,
0720200206, 052296, 055217,  159.4,  8.023,
0720200205, 052296, 055052,  175.1,  8.020,
0720200204, 052296, 054922,  186.2,  8.021,
0730200623, 062696, 070517,    4.0,  8.098,
0730200619, 062696, 070225,   24.6,  8.098,
0730200618, 062696, 070111,   35.2,  8.098,
0730200617, 062696, 065955,   45.0,  8.090,
0730200616, 062696, 065833,   59.3,  8.092,
0730200615, 062696, 065721,   74.4,  8.086,
0730200614, 062696, 065607,   84.5,  8.082,
0730200613, 062696, 065503,   94.9,  8.080,
0730200612, 062696, 065357,  104.7,  8.068,
0730200611, 062696, 065249,  114.5,  8.063,
0730200609, 062696, 065015,  134.0,  8.049,
0730200608, 062696, 064907,  150.0,  8.045,
0730200607, 062696, 064801,  159.0,  8.040,
0730200606, 062696, 064637,  174.6,  8.033,
0730200605, 062696, 064531,  184.6,  8.033,
0740200623, 072796, 065603,    4.4,  8.104,
0740200620, 072796, 065409,   24.3,  8.104,
0740200618, 072796, 065301,   33.9,  8.104,
0740200617, 072796, 065203,   44.6,  8.105,
0740200616, 072796, 065111,   58.9,  8.098,
0740200615, 072796, 065009,   74.8,  8.088,
0740200614, 072796, 064917,   84.5,  8.084,
0740200613, 072796, 064817,   95.1,  8.081,
0740200611, 072796, 064629,  113.7,  8.068,
0740200610, 072796, 064535,  124.2,  8.052,
0740200609, 072796, 064439,  134.2,  8.053,
0740200607, 072796, 064301,  150.2,  8.043,
0740200606, 072796, 064213,  159.2,  8.028,
0740200605, 072796, 064117,  174.3,  8.003,
0740200604, 072796, 064029,  184.6,  8.002,
0740200603, 072796, 063927,  199.9,  7.996,
0750200624, 082196, 080153,    5.2,  8.108,
0750200621, 082196, 075921,   25.1,  8.106,
0750200619, 082196, 075829,   34.6,  8.107,
0750200617, 082196, 075618,   59.8,  8.099,
0750200616, 082196, 075507,   74.5,  8.093,
0750200612, 082196, 075105,  114.2,  8.060,
0750200611, 082196, 075007,  125.3,  8.034,
0750200610, 082196, 074851,  135.7,  8.034,
0750200608, 082196, 074615,  160.0,  8.023,
0750200607, 082196, 074509,  176.0,  8.007,
0750200606, 082196, 074359,  185.6,  8.007,
0750200605, 082196, 074259,  199.8,  7.994,
0760200624, 100296, 065924,    3.8,  8.118,
0760200622, 100296, 065822,   14.2,  8.118,
0760200620, 100296, 065723,   24.2,  8.118,
0760200619, 100296, 065626,   34.9,  8.117,
0760200618, 100296, 065540,   43.6,  8.116,
0760200617, 100296, 065430,   59.6,  8.113,
0760200615, 100296, 065212,   84.6,  8.070,
0760200614, 100296, 065118,   94.5,  8.069,
0760200613, 100296, 065016,  103.7,  8.057,
0760200612, 100296, 064908,  115.3,  8.043,
0760200611, 100296, 064808,  124.3,  8.034,
0760200610, 100296, 064710,  134.8,  8.037,
0760200609, 100296, 064608,  148.7,  8.021,
0760200608, 100296, 064500,  159.4,  8.005,
0760200607, 100296, 064358,  175.1,  7.992,
0760200606, 100296, 064306,  183.8,  7.978,
0760200605, 100296, 064200,  199.9,  7.975,
0770200422, 103096, 070334,    4.3,  8.114,
0770200419, 103096, 070052,   24.2,  8.113,
0770200418, 103096, 065934,   34.9,  8.112,
0770200417, 103096, 065806,   43.7,  8.113,
0770200416, 103096, 065650,   59.6,  8.114,
0770200415, 103096, 065528,   74.1,  8.108,
0770200414, 103096, 065424,   84.4,  8.078,
0770200413, 103096, 065310,   95.4,  8.052,
0770200412, 103096, 065202,  104.4,  8.037,
0770200411, 103096, 065052,  114.2,  8.025,
0770200410, 103096, 064946,  123.8,  8.018,
0770200409, 103096, 064844,  135.2,  8.008,
0770200408, 103096, 064722,  149.7,  7.997,
0770200407, 103096, 064616,  159.8,  7.995,
0770200406, 103096, 064438,  175.2,  7.986,
0770200405, 103096, 064334,  185.2,  7.984,
0770201019, 103196, 005623,    4.3,  8.116,
0770201009, 103196, 004251,  148.9,  7.986,
0780200124, 121096, 182520,    4.5,  8.101,
0780200621, 121196, 093257,    4.3,  8.102,
0780200620, 121196, 093133,   14.6,  8.101,
0780200618, 121196, 092945,   24.2,  8.103,
0780200617, 121196, 092821,   35.0,  8.103,
0780200616, 121196, 092653,   44.5,  8.102,
0780200615, 121196, 092535,   59.5,  8.102,
0780200614, 121196, 092411,   74.2,  8.103,
0780200613, 121196, 092249,   83.9,  8.103,
0780200612, 121196, 092127,   95.7,  8.102,
0780200611, 121196, 092011,  105.1,  8.062,
0780200610, 121196, 091853,  114.6,  8.044,
0780200609, 121196, 091743,  125.0,  8.036,
0780200608, 121196, 091611,  135.4,  8.026,
0780200607, 121196, 091445,  149.4,  8.006,
0780200606, 121196, 091331,  159.9,  7.991,
0780200605, 121196, 091213,  174.7,  7.976,
0780200604, 121196, 091055,  183.8,  7.966,
0780200603, 121196, 090913,  199.9,  7.953,
0790200622, 010897, 080555,    4.3,  8.094,
0790200621, 010897, 080433,   14.2,  8.093,
0790200618, 010897, 080143,   34.4,  8.091,
0790200617, 010897, 080003,   44.2,  8.088,
0790200616, 010897, 075835,   59.3,  8.073,
0790200615, 010897, 075713,   75.0,  8.062,
0790200614, 010897, 075539,   84.8,  8.063,
0790200613, 010897, 075421,   94.4,  8.055,
0790200612, 010897, 075301,  104.5,  8.046,
0790200611, 010897, 075149,  114.1,  8.035,
0790200610, 010897, 075025,  124.9,  8.024,
0790200609, 010897, 074903,  134.9,  8.015,
0790200608, 010897, 074717,  149.9,  8.005,
0790200607, 010897, 074559,  159.3,  7.997,
0790200606, 010897, 074431,  175.0,  7.986,
0790200605, 010897, 074303,  185.8,  7.975,
0790200604, 010897, 074139,  199.8,  7.962,
0800200622, 021897, 070826,    4.5,  8.070,
0800200621, 021897, 070712,   15.2,  8.074,
0800200619, 021897, 070558,   24.5,  8.073,
0800200618, 021897, 070438,   33.9,  8.071,
0800200617, 021897, 070324,   44.4,  8.070,
0800200616, 021897, 070158,   60.1,  8.074,
0800200615, 021897, 070040,   74.5,  8.068,
0800200614, 021897, 065934,   84.4,  8.072,
0800200613, 021897, 065814,   94.2,  8.071,
0800200612, 021897, 065708,  104.7,  8.059,
0800200611, 021897, 065548,  114.4,  8.067,
0800200610, 021897, 065434,  124.5,  8.061,
0800200609, 021897, 065316,  135.8,  8.062,
0800200608, 021897, 065144,  150.0,  8.054,
0800200607, 021897, 065040,  160.0,  8.037,
0800200606, 021897, 064920,  174.1,  8.036,
0800200605, 021897, 064750,  184.2,  8.003,
0810200622, 031297, 070732,    4.5,  8.072,
0810200621, 031297, 070624,   14.5,  8.067,
0810200619, 031297, 070456,   24.8,  8.054,
0810200618, 031297, 070344,   35.5,  8.039,
0810200617, 031297, 070232,   44.6,  8.057,
0810200616, 031297, 070114,   59.9,  8.053,
0810200615, 031297, 065946,   75.2,  8.044,
0810200614, 031297, 065832,   85.5,  8.045,
0810200612, 031297, 065606,  105.0,  8.040,
0810200611, 031297, 065454,  115.4,  8.027,
0810200610, 031297, 065404,  119.0,  8.030,
0810200609, 031297, 065306,  124.2,  8.025,
0810200608, 031297, 065150,  134.9,  8.017,
0810200607, 031297, 065036,  150.2,  7.959,
0810200606, 031297, 064932,  159.6,  7.952,
0810200605, 031297, 064826,  174.6,  7.945,
0820200622, 040997, 070830,    5.1,  8.064,
0820200621, 040997, 070724,   15.2,  8.064,
0820200619, 040997, 070614,   25.4,  8.066,
0820200618, 040997, 070504,   34.9,  8.063,
0820200617, 040997, 070352,   44.3,  8.064,
0820200615, 040997, 070052,   75.0,  8.012,
0820200614, 040997, 065938,   85.1,  8.004,
0820200613, 040997, 065826,   95.0,  7.980,
0820200612, 040997, 065718,  105.1,  7.968,
0820200611, 040997, 065604,  115.1,  7.961,
0820200610, 040997, 065444,  125.0,  7.956,
0820200609, 040997, 065334,  134.8,  7.944,
0820200608, 040997, 065216,  149.9,  7.928,
0820200607, 040997, 065110,  159.8,  7.916,
0820200606, 040997, 065002,  175.1,  7.909,
0820200605, 040997, 064848,  184.7,  7.902,
0830200624, 050797, 070134,    4.2,  8.096,
0830200623, 050797, 070040,   14.7,  8.096,
0830200622, 050797, 065942,   25.0,  8.095,
0830200620, 050797, 065754,   45.3,  8.095,
0830201016, 050797, 185420,   84.7,  8.090,
0830201015, 050797, 185336,   95.1,  8.084,
0830201013, 050797, 185220,  104.7,  8.076,
0830201012, 050797, 185132,  114.4,  8.069,
0830201010, 050797, 184954,  134.9,  8.056,
0830201009, 050797, 184858,  150.2,  8.050,
0830201008, 050797, 184812,  159.0,  8.045,
0830201007, 050797, 184720,  175.5,  8.012,
0830201006, 050797, 184604,  185.7,  8.013,
0840200622, 060497, 065837,    5.2,  8.105,
0840200621, 060497, 065741,   15.3,  8.105,
0840200619, 060497, 065633,   24.7,  8.104,
0840200618, 060497, 065521,   35.2,  8.104,
0840200617, 060497, 065435,   45.6,  8.105,
0840200616, 060497, 065339,   60.6,  8.100,
0840200614, 060497, 065145,   85.1,  8.098,
0840200613, 060497, 065053,   94.9,  8.093,
0840200612, 060497, 064945,  104.6,  8.081,
0840200610, 060497, 064753,  124.6,  8.053,
0840200609, 060497, 064659,  134.8,  8.025,
0840200607, 060497, 064505,  159.4,  8.007,
0840200606, 060497, 064407,  175.0,  8.000,
0840200605, 060497, 064311,  184.9,  7.993,
0840200604, 060497, 064157,  199.9,  7.970,
0850200622, 070997, 070701,    5.1,  8.098,
0850200621, 070997, 070541,   14.8,  8.099,
0850200619, 070997, 070421,   24.4,  8.099,
0850200618, 070997, 070305,   35.8,  8.098,
0850200617, 070997, 070151,   45.3,  8.098,
0850200616, 070997, 070033,   59.4,  8.097,
0850200615, 070997, 065909,   75.3,  8.092,
0850200614, 070997, 065805,   84.0,  8.092,
0850200613, 070997, 065651,   94.3,  8.088,
0850200612, 070997, 065531,  104.3,  8.080,
0850200611, 070997, 065425,  115.0,  8.066,
0850200610, 070997, 065317,  124.3,  8.046,
0850200609, 070997, 065203,  134.5,  8.040,
0850200608, 070997, 065037,  150.1,  8.032,
0850200607, 070997, 064917,  158.8,  8.017,
0850200606, 070997, 064741,  174.2,  8.001,
0850200605, 070997, 064619,  183.8,  7.992,
0860200222, 080297, 080201,    4.6,  8.099,
0860200221, 080297, 080101,   14.3,  8.099,
0860200219, 080297, 075937,   24.9,  8.098,
0860200218, 080297, 075811,   35.3,  8.098,
0860200217, 080297, 075715,   43.9,  8.099,
0860200216, 080297, 075613,   59.9,  8.096,
0860200214, 080297, 075359,   85.1,  8.095,
0860200213, 080297, 075305,   94.7,  8.090,
0860200212, 080297, 075213,  101.7,  8.082,
0860200211, 080297, 075115,  114.3,  8.056,
0860200210, 080297, 074953,  124.7,  8.041,
0860200209, 080297, 074851,  134.1,  8.032,
0860200208, 080297, 074755,  149.5,  8.007,
0860200207, 080297, 074701,  159.7,  8.000,
0860200206, 080297, 074559,  175.0,  7.999,
0860200205, 080297, 074509,  183.5,  7.978,
0860200204, 080297, 074401,  199.6,  7.965,
0870200222, 092597, 090724,    4.5,  8.107,
0870200221, 092597, 090604,   14.0,  8.107,
0870200219, 092597, 090440,   25.2,  8.107,
0870200217, 092597, 090208,   44.7,  8.106,
0870200216, 092597, 090042,   59.6,  8.106,
0870200215, 092597, 085908,   75.5,  8.103,
0870200214, 092597, 085804,   84.6,  8.099,
0870200213, 092597, 085700,   93.9,  8.095,
0870200212, 092597, 085544,  104.6,  8.087,
0870200211, 092597, 085440,  114.1,  8.076,
0870200210, 092597, 085332,  125.0,  8.068,
0870200208, 092597, 085100,  149.6,  8.044,
0870200207, 092597, 084950,  160.1,  8.023,
0870200206, 092597, 084840,  174.3,  8.005,
0870200205, 092597, 084730,  184.7,  7.996,
0870200204, 092597, 084616,  198.4,  8.009,
0880200221, 120597, 050854,    5.3,  8.100,
0880200220, 120597, 050746,   14.6,  8.098,
0880200219, 120597, 050632,   25.3,  8.100,
0880200218, 120597, 050524,   33.2,  8.100,
0880200217, 120597, 050412,   43.6,  8.099,
0880200215, 120597, 050152,   73.8,  8.096,
0880200214, 120597, 050045,   84.5,  8.099,
0880200213, 120597, 045942,   95.3,  8.097,
0880200212, 120597, 045828,  106.7,  8.099,
0880200211, 120597, 045717,  115.2,  8.098,
0880200210, 120597, 045609,  124.5,  8.060,
0880200209, 120597, 045507,  134.0,  8.048,
0880200208, 120597, 045353,  148.7,  8.023,
0880200207, 120597, 045255,  159.4,  8.003,
0880200206, 120597, 045143,  173.6,  7.976,
0880200205, 120597, 045035,  185.2,  7.968,
0890200622, 011198, 070203,    4.6,  8.089,
0890200621, 011198, 070037,   14.7,  8.090,
0890200619, 011198, 065903,   24.6,  8.089,
0890200618, 011198, 065743,   34.6,  8.084,
0890200617, 011198, 065623,   43.6,  8.078,
0890200616, 011198, 065443,   59.1,  8.088,
0890200615, 011198, 065317,   75.3,  8.080,
0890200614, 011198, 065203,   84.9,  8.080,
0890200613, 011198, 065053,   94.8,  8.065,
0890200612, 011198, 064953,  104.3,  8.050,
0890200611, 011198, 064843,  114.7,  8.031,
0890200610, 011198, 064733,  124.4,  8.017,
0890200609, 011198, 064627,  134.7,  8.000,
0890200608, 011198, 064517,  149.4,  7.989,
0890200607, 011198, 064413,  159.8,  7.973,
0890200606, 011198, 064257,  173.6,  7.964,
0890200605, 011198, 064141,  185.1,  7.948,
0900200522, 021998, 060516,    5.1,  8.084,
0900200521, 021998, 060402,   13.8,  8.086,
0900200519, 021998, 060222,   24.5,  8.085,
0900200518, 021998, 060042,   34.9,  8.085,
0900200517, 021998, 055926,   44.6,  8.084,
0900200516, 021998, 055752,   59.5,  8.079,
0900200515, 021998, 055616,   74.0,  8.072,
0900200514, 021998, 055502,   84.6,  8.067,
0900200513, 021998, 055348,   94.5,  8.054,
0900200512, 021998, 055232,  105.2,  8.043,
0900200511, 021998, 055116,  116.1,  8.024,
0900200510, 021998, 054952,  125.8,  8.016,
0900200509, 021998, 054832,  135.0,  8.005,
0900200508, 021998, 054712,  149.0,  7.991,
0900200507, 021998, 054552,  161.0,  7.969,
0900200506, 021998, 054422,  174.2,  7.976,
0900200505, 021998, 054302,  184.9,  7.965,
0900200504, 021998, 054146,  199.8,  7.957,
0910200622, 031898, 070348,    4.1,  8.092,
0910200621, 031898, 070238,   14.8,  8.094,
0910200619, 031898, 070122,   25.7,  8.093,
0910200618, 031898, 070002,   34.9,  8.094,
0910200617, 031898, 065852,   44.9,  8.094,
0910200616, 031898, 065732,   59.7,  8.095,
0910200615, 031898, 065612,   74.6,  8.082,
0910200614, 031898, 065502,   85.0,  8.082,
0910200613, 031898, 065358,   94.5,  8.072,
0910200612, 031898, 065252,  105.1,  8.063,
0910200611, 031898, 065138,  114.7,  8.056,
0910200610, 031898, 065032,  124.6,  8.061,
0910200609, 031898, 064922,  134.1,  8.057,
0910200608, 031898, 064808,  149.3,  8.045,
0910200607, 031898, 064702,  159.7,  8.010,
0910200606, 031898, 064548,  174.8,  7.991,
0910200605, 031898, 064428,  184.7,  7.979,
0920200622, 041598, 070718,    5.1,  8.082,
0920200620, 041598, 070512,   25.4,  8.084,
0920200619, 041598, 070502,   25.1,  8.085,
0920200618, 041598, 070404,   34.1,  8.085,
0920200617, 041598, 070304,   45.5,  8.085,
0920200616, 041598, 070148,   60.3,  8.085,
0920200615, 041598, 070034,   74.3,  8.084,
0920200614, 041598, 065920,   84.6,  8.085,
0920200613, 041598, 065818,   94.1,  8.081,
0920200612, 041598, 065718,  104.3,  8.069,
0920200611, 041598, 065618,  114.2,  8.061,
0920200610, 041598, 065518,  124.9,  8.060,
0920200608, 041598, 065318,  148.8,  8.057,
0920200607, 041598, 065218,  157.9,  8.059,
0920200606, 041598, 065104,  177.1,  8.048,
0920200605, 041598, 064936,  190.6,  7.996,
0930200623, 051398, 070757,    4.3,  8.084,
0930200620, 051398, 070504,   24.9,  8.079,
0930200618, 051398, 070348,   35.1,  8.079,
0930200617, 051398, 070242,   44.7,  8.081,
0930200616, 051398, 070122,   59.8,  8.079,
0930200615, 051398, 070007,   74.6,  8.081,
0930200614, 051398, 065852,   85.8,  8.079,
0930200613, 051398, 065746,   94.7,  8.077,
0930200612, 051398, 065634,  104.8,  8.071,
0930200611, 051398, 065527,  115.4,  8.063,
0930200609, 051398, 065312,  134.1,  8.038,
0930200608, 051398, 065151,  151.0,  8.020,
0930200607, 051398, 065043,  160.1,  8.013,
0930200606, 051398, 064926,  174.8,  8.004,
0930200605, 051398, 064809,  187.6,  8.005,
0940200323, 061798, 081234,    5.7,  8.084,
0940200320, 061798, 080955,   25.3,  8.084,
0940200318, 061798, 080829,   35.7,  8.081,
0940200317, 061798, 080724,   45.9,  8.086,
0940200316, 061798, 080609,   60.4,  8.086,
0940200315, 061798, 080449,   74.7,  8.081,
0940200314, 061798, 080329,   84.9,  8.074,
0940200313, 061798, 080219,   95.1,  8.076,
0940200312, 061798, 080109,  105.4,  8.071,
0940200311, 061798, 075959,  115.9,  8.063,
0940200310, 061798, 075849,  125.8,  8.050,
0940200309, 061798, 075739,  135.5,  8.037,
0940200308, 061798, 075624,  150.4,  8.027,
0940200307, 061798, 075504,  160.0,  8.019,
0940200306, 061798, 075344,  175.4,  8.009,
0940200305, 061798, 075229,  185.6,  8.002,
1490200715, 062003, 100010,   24.9,  8.096,
1490200713, 062003, 095754,   45.1,  8.091,
1490200711, 062003, 095509,   74.8,  8.070,
1490200709, 062003, 095239,   99.5,  8.052,
1490200706, 062003, 094839,  149.6,  8.018,
1500200719, 072003, 101350,    4.8,  8.085,
1500200716, 072003, 101047,   24.9,  8.077,
1500200714, 072003, 100841,   45.0,  8.078,
1500200712, 072003, 100607,   74.5,  8.062,
1500200710, 072003, 100231,   98.7,  8.046,
1500200707, 072003, 095842,  148.9,  7.992,
1510200719, 082103, 095708,    4.5,  8.088,
1510200717, 082103, 095506,   25.3,  8.092,
1510200714, 082103, 095245,   44.7,  8.088,
1510200712, 082103, 095030,   74.1,  8.076,
1510200710, 082103, 094837,  100.1,  8.065,
1510200707, 082103, 094553,  149.2,  8.002,
1510200704, 082103, 094252,  198.9,  7.978,
1520200716, 101503, 100649,   25.2,  8.110,
1520200714, 101503, 100419,   45.4,  8.091,
1520200712, 101503, 100203,   74.2,  8.094,
1520200710, 101503, 095921,  100.5,  8.068,
1520200707, 101503, 095444,  150.1,  8.041,
1530200718, 111003, 102917,    4.8,  8.104,
1530200715, 111003, 102306,   24.2,  8.107,
1530200711, 111003, 101734,   77.3,  8.087,
1530200709, 111003, 101459,   99.4,  8.038,
1530200706, 111003, 101050,  151.8,  7.966,
1540200618, 122003, 101115,    6.5,  8.094,
1540200611, 122003, 100243,   75.4,  8.080,
1540200609, 122003, 100008,  100.5,  8.028,
1540200606, 122003, 095632,  149.6,  7.982,
1540200603, 122003, 095209,  199.8,  7.923,
1550200718, 012204, 095251,    3.6,  8.092,
1550200715, 012204, 095052,   24.7,  8.088,
1550200711, 012204, 094711,   73.5,  8.088,
1550200709, 012204, 094520,   99.1,  8.085,
1550200706, 012204, 094225,  148.7,  8.009,
1560200718, 022504, 095850,    4.7,  8.093,
1560200715, 022504, 095640,   23.9,  8.086,
1560200711, 022504, 095142,   72.9,  8.085,
1560200709, 022504, 094950,   99.4,  8.065,
1570200719, 032004, 102505,    8.0,  8.085,
1570200716, 032004, 102259,   24.7,  8.084,
1570200712, 032004, 101745,   73.6,  8.079,
1570200707, 032004, 101130,  149.5,  7.986,
1570200704, 032004, 100701,  199.8,  7.935,
1580200719, 042104, 103330,    4.7,  8.079,
1580200714, 042104, 102651,   44.4,  8.087,
1580200710, 042104, 102030,   99.9,  8.073,
1580200707, 042104, 101501,  149.4,  8.033,
1580200704, 042104, 101001,  199.3,  7.951,
1590200716, 051904, 095406,   24.2,  8.090,
1590200712, 051904, 094923,   73.9,  8.084,
1590200710, 051904, 094541,   98.3,  8.044,
1590200707, 051904, 094122,  149.2,  7.973,
1590200704, 051904, 093722,  198.3,  7.948,
1600200819, 061604, 095305,    3.8,  8.092,
1600200814, 061604, 094850,   44.6,  8.093,
1600200810, 061604, 094410,   99.0,  8.075,
1600200807, 061604, 094114,  149.2,  8.041,
1600200804, 061604, 093805,  198.5,  7.964,
1610200322, 071404, 002513,    4.9,  8.100,
1610200319, 071404, 002333,   25.1,  8.101,
1610200314, 071404, 001933,   74.4,  8.098,
1610200311, 071404, 001703,   99.7,  8.092,
1610200301, 071404, 000922,  200.0,  7.984,
1620201119, 081704, 102258,    4.2,  8.106,
1620201114, 081704, 101902,   44.8,  8.086,
1620201110, 081704, 101512,   99.9,  8.034,
1620201107, 081704, 101149,  149.6,  7.984,
1620201104, 081704, 100825,  199.2,  7.905,
1630200819, 092904, 095158,    4.9,  8.115,
1630200816, 092904, 094939,   24.4,  8.114,
1630200812, 092904, 094558,   73.1,  8.074,
1630200810, 092904, 094418,   99.3,  8.053,
1630200804, 092904, 093633,  199.5,  7.943,
1640200719, 103104, 095221,    5.0,  8.092,
1640200716, 103104, 095015,   24.5,  8.100,
1640200712, 103104, 094625,   75.2,  8.069,
1640200710, 103104, 094432,   99.4,  8.046,
1650200121, 112704, 105447,   30.1,  8.101,
1650200822, 112804, 095807,    5.0,  8.113,
1650200818, 112804, 095442,   24.4,  8.114,
1650200816, 112804, 095219,   44.9,  8.082,
1650200814, 112804, 094925,   74.9,  8.063,
1650200810, 112804, 094626,   98.7,  8.038,
1660200919, 122104, 101124,    5.1,  8.098,
1660200916, 122104, 100803,   25.1,  8.098,
1660200910, 122104, 095803,  100.5,  8.085,
1660200907, 122104, 095203,  149.4,  7.985,
1660200904, 122104, 094622,  199.6,  7.924,
1670200819, 020205, 101014,    4.7,  8.082,
1670200816, 020205, 100713,   25.6,  8.090,
1670200814, 020205, 100414,   45.3,  8.093,
1670200812, 020205, 100114,   75.3,  8.072,
1680200819, 030505, 102006,    4.8,  8.091,
1680200816, 030505, 101709,   25.5,  8.088,
1680200814, 030505, 101455,   45.0,  8.067,
1680200812, 030505, 101200,   75.5,  8.061,
1680200810, 030505, 100935,   99.7,  8.023,
1680200807, 030505, 100542,  150.8,  7.980,
1690200519, 051805, 102306,   10.2,  8.087,
1690200516, 051805, 101938,   24.7,  8.087,
1690200514, 051805, 101655,   44.5,  8.088,
1690200512, 051805, 101327,   74.4,  8.088,
1690200510, 051805, 100938,  100.2,  8.081,
1690200507, 051805, 100406,  150.0,  8.063,
1690200504, 051805, 095843,  199.9,  7.994,
1700200819, 061505, 102452,    4.5,  8.085,
1700200816, 061505, 102051,   25.0,  8.085,
1700200814, 061505, 101732,   45.9,  8.077,
1700200812, 061505, 101305,   75.3,  8.067,
1700200810, 061505, 100923,   99.7,  8.051,
1700200807, 061505, 100314,  150.8,  7.956,
1710200921, 071705, 104350,    5.1,  8.089,
1710200918, 071705, 104100,   24.7,  8.090,
1710200913, 071705, 103505,   75.0,  8.082,
1710200911, 071705, 103205,   99.6,  8.071,
1710200908, 071705, 102715,  150.1,  8.020,
1720200819, 081405, 100313,    4.9,  8.097,
1720200816, 081405, 100032,   25.0,  8.091,
1720200814, 081405, 095808,   45.1,  8.098,
1720200812, 081405, 095538,   75.8,  8.090,
1720200810, 081405, 095314,  101.1,  8.072,
1720200807, 081405, 094852,  151.0,  8.019,
1730200823, 091005, 104239,    5.9,  8.105,
1730200820, 091005, 103950,   24.0,  8.104,
1730200818, 091005, 103714,   44.7,  8.100,
1730200816, 091005, 103436,   74.9,  8.083,
1730200814, 091005, 103218,   99.9,  8.066,
1730200811, 091005, 102741,  151.0,  8.042,
1740201822, 101005, 013345,    6.5,  8.095,
1740201819, 101005, 013008,   26.1,  8.103,
1740201817, 101005, 012734,   45.2,  8.101,
1740201815, 101005, 012458,   75.1,  8.090,
1740201812, 101005, 012058,   99.9,  8.061,
1750200923, 111205, 104510,    4.8,  8.092,
1750200919, 111205, 104054,   23.8,  8.092,
1750200917, 111205, 103821,   43.0,  8.092,
1750200915, 111205, 103540,   73.1,  8.091,
1750200912, 111205, 103215,   98.8,  8.058,
1750200907, 111205, 102615,  149.2,  8.015,
1750200904, 111205, 102215,  199.6,  7.986,
1760200822, 121305, 100522,    5.8,  8.092,
1760200819, 121305, 100232,   25.1,  8.092,
1760200815, 121305, 095631,   74.8,  8.085,
1760200812, 121305, 095210,   98.8,  8.089,
1760200804, 121305, 094110,  200.0,  7.934,
1770200722, 012606, 005924,    6.6,  8.078,
1770200719, 012606, 005623,   24.8,  8.070,
1770200717, 012606, 005414,   46.3,  8.079,
1770200715, 012606, 005134,   75.6,  8.078,
1770200712, 012606, 004813,   98.1,  8.078,
1770200707, 012606, 004214,  150.0,  8.047,
1770200704, 012606, 003753,  198.6,  7.971,
1770201118, 012606, 162249,  115.3,  8.070,
1780200822, 021506, 101857,    7.2,  8.070,
1780200819, 021506, 101241,   25.1,  8.070,
1780200817, 021506, 100942,   45.4,  8.071,
1780200815, 021506, 100612,   76.0,  8.071,
1780200812, 021506, 100200,   99.3,  8.047,
1780200807, 021506, 095503,  150.9,  7.926,
1780200804, 021506, 094900,  200.0,  7.837,
1790201122, 031006, 103004,    7.5,  8.075,
1790201119, 031006, 102631,   24.3,  8.075,
1790201117, 031006, 102401,   46.4,  8.073,
1790201115, 031006, 102045,   75.2,  8.075,
1790201112, 031006, 101608,  101.5,  8.075,
1790201107, 031006, 100834,  148.6,  8.055,
1790201104, 031006, 100326,  199.8,  7.968,
1800200822, 040206, 103604,    9.1,  8.089,
1800200819, 040206, 103129,   24.2,  8.085,
1800200817, 040206, 102753,   46.0,  8.076,
1800200815, 040206, 102449,   74.8,  8.072,
1800200812, 040206, 101851,   99.7,  8.058,
1800200807, 040206, 100950,  149.6,  8.049,
1800200804, 040206, 100502,  198.7,  7.968,
1810200922, 052706, 101749,    9.3,  8.066,
1810200919, 052706, 101354,   25.2,  8.062,
1810200917, 052706, 101055,   44.9,  8.048,
1810200915, 052706, 100811,   75.0,  8.010,
1810200912, 052706, 100435,  101.2,  8.021,
1810200907, 052706, 095835,  150.4,  7.980,
1810200904, 052706, 095416,  199.9,  7.903,
1820200807, 061406, 152205,  124.9,  7.966,
1820201022, 061406, 220850,    7.8,  8.086,
1820201019, 061406, 220455,   25.5,  8.091,
1820201017, 061406, 220245,   45.3,  8.077,
1820201015, 061406, 220030,   75.5,  8.074,
1820201012, 061406, 215715,  100.2,  8.057,
1830200922, 071306, 103555,    9.1,  8.084,
1830200919, 071306, 103029,   26.0,  8.077,
1830200917, 071306, 102639,   45.9,  8.086,
1830200915, 071306, 102157,   76.3,  8.073,
1830200912, 071306, 101556,  100.6,  8.053,
1830200907, 071306, 100531,  151.2,  8.023,
1840200919, 080906, 103026,   25.8,  8.099,
1840200917, 080906, 102715,   44.8,  8.084,
1840200915, 080906, 102414,   74.6,  8.067,
1840200912, 080906, 102020,  100.9,  8.046,
1840200907, 080906, 101245,  150.5,  7.981,
1850200822, 091606, 100801,    5.6,  8.096,
1850200819, 091606, 100514,   25.6,  8.085,
1850200815, 091606, 095857,   76.2,  8.077,
1850200812, 091606, 095438,  100.6,  8.065,
1850200807, 091606, 094717,  151.0,  8.009,
1860201722, 102106, 101931,    8.1,  8.083,
1860201719, 102106, 101611,   25.3,  8.094,
1860201715, 102106, 100947,   74.7,  8.083,
1860201712, 102106, 100556,   97.3,  8.067,
1860201707, 102106, 095731,  151.8,  8.030,
1870200822, 110906, 102550,    8.8,  8.091,
1870200819, 110906, 102135,   25.8,  8.078,
1870200817, 110906, 101800,   45.0,  8.083,
1870200815, 110906, 101341,   75.2,  8.079,
1870200807, 110906, 095846,  151.5,  8.009,
1880200822, 121006, 101358,    7.7,  8.088,
1880200819, 121006, 100942,   24.7,  8.088,
1880200817, 121006, 100741,   46.7,  8.072,
1880200815, 121006, 100536,   75.7,  8.087,
1880200807, 121006, 095700,  152.0,  7.980,
1890200922, 020707, 102251,    4.7,  8.081,
1890200919, 020707, 101946,   24.9,  8.083,
1890200917, 020707, 101628,   44.7,  8.085,
1890200915, 020707, 101309,   75.2,  8.082,
1890200907, 020707, 100046,  150.1,  7.998,
1900200922, 032107, 102150,    4.4,  8.075,
1900200919, 032107, 101812,   25.1,  8.075,
1900200917, 032107, 101457,   45.1,  8.075,
1900200915, 032107, 101134,   74.6,  8.069,
1900200912, 032107, 100520,  100.3,  8.052,
1900200907, 032107, 095451,  149.0,  7.981,
1910200501, 050407, 212654,    7.5,  8.075,
1910200922, 050507, 101408,    7.3,  8.077,
1910200919, 050507, 100951,   24.5,  8.081,
1910200917, 050507, 100715,   44.9,  8.081,
1910200915, 050507, 100301,   74.5,  8.086,
1910200907, 050507, 095134,  149.9,  7.999,
1930200623, 070807, 102342,    6.3,  8.091,
1930200619, 070807, 101749,   24.9,  8.083,
1930200617, 070807, 101419,   45.0,  8.081,
1930200615, 070807, 101119,   74.8,  8.086,
1930200604, 070807, 095204,  199.7,  7.984,
1930200924, 070807, 185808,    6.9,  8.085,
1940200822, 080407, 102315,    6.7,  8.092,
1940200819, 080407, 101645,   24.8,  8.091,
1940200817, 080407, 101350,   45.2,  8.088,
1940200815, 080407, 101045,   75.4,  8.082,
1940200807, 080407, 095920,  150.0,  7.958,
1940200804, 080407, 095411,  199.8,  7.843,
1950200822, 090307, 102202,    6.9,  8.090,
1950200819, 090307, 101714,   25.8,  8.075,
1950200817, 090307, 101449,   45.7,  8.093,
1950200815, 090307, 101139,   75.8,  8.072,
1950200812, 090307, 100719,  100.4,  8.042,
1950200807, 090307, 095859,  150.6,  7.985,
1960200822, 100307, 101222,    5.0,  8.086,
1960200819, 100307, 100929,   23.7,  8.079,
1960200817, 100307, 100651,   44.9,  8.082,
1960200815, 100307, 100342,   76.6,  8.084,
1960200812, 100307, 100007,   99.5,  8.066,
1960200807, 100307, 095357,  149.8,  8.027,
1960200804, 100307, 094927,  197.5,  7.970,
1970200822, 120207, 112805,    5.8,  8.090,
1970200819, 120207, 112415,   24.8,  8.084,
1970200817, 120207, 112131,   44.5,  8.084,
1970200815, 120207, 111850,   74.7,  8.081,
1970200812, 120207, 111505,  100.2,  8.050,
1970200807, 120207, 110844,  150.9,  7.966,
1980200922, 122107, 102625,    7.5,  8.076,
1980200919, 122107, 102300,   25.4,  8.071,
1980200917, 122107, 102034,   46.5,  8.073,
1980200912, 122107, 101502,   98.9,  8.074,
1980200907, 122107, 100937,  149.4,  8.019,
1990200822, 013008, 103450,    6.9,  8.068,
1990200819, 013008, 103020,   25.8,  8.069,
1990200817, 013008, 102735,   44.8,  8.069,
1990200815, 013008, 102416,   75.8,  8.068,
1990200812, 013008, 101940,  100.2,  8.066,
1990200807, 013008, 101321,  148.6,  7.992,
1990200804, 013008, 100831,  199.9,  7.945,
2000200722, 022408, 072123,    7.7,  8.065,
2000200719, 022408, 071646,   26.5,  8.056,
2000200717, 022408, 071400,   44.4,  8.062,
2000200715, 022408, 071110,   74.9,  8.057,
2000200712, 022408, 070700,  100.1,  8.063,
2000200707, 022408, 065751,  150.3,  7.973,
2010200722, 052808, 071044,    8.1,  8.072,
2010200719, 052808, 070644,   25.9,  8.076,
2010200717, 052808, 070409,   45.6,  8.049,
2010200715, 052808, 070114,   75.9,  8.054,
2010200712, 052808, 065624,  100.3,  8.071,
2010200707, 052808, 064853,  150.4,  8.052,
2020200722, 062608, 071610,    7.8,  8.084,
2020200719, 062608, 071206,   25.1,  8.082,
2020200717, 062608, 070940,   45.3,  8.084,
2020200715, 062608, 070710,   73.6,  8.081,
2020200712, 062608, 070316,   99.5,  8.061,
2020200707, 062608, 065612,  150.6,  7.987,
2030200519, 072608, 230717,  198.3,  7.972,
2030200823, 072708, 071939,    6.1,  8.077,
2030200819, 072708, 071434,   24.4,  8.076,
2030200817, 072708, 071039,   45.0,  8.079,
2030200815, 072708, 070654,   74.4,  8.075,
2030200812, 072708, 070219,   99.7,  8.068,
2030200807, 072708, 065429,  149.6,  8.035,
2040200722, 081708, 070712,    7.7,  8.084,
2040200719, 081708, 070326,   24.6,  8.086,
2040200717, 081708, 070051,   45.9,  8.084,
2040200715, 081708, 065812,   76.2,  8.072,
2040200712, 081708, 065453,  100.8,  8.057,
2040200707, 081708, 064853,  149.7,  8.028,
2050200722, 101108, 071646,    6.0,  8.103,
2050200719, 101108, 071151,   25.1,  8.099,
2050200717, 101108, 070921,   45.8,  8.098,
2050200715, 101108, 070621,   75.4,  8.074,
2050200707, 101108, 065531,  149.5,  8.007,
2060200722, 120108, 104106,    7.1,  8.083,
2060200719, 120108, 103527,   23.3,  8.085,
2060200717, 120108, 103152,   43.7,  8.086,
2060200715, 120108, 102742,   74.5,  8.063,
2060200712, 120108, 102318,   98.8,  8.027,
2060200707, 120108, 101343,  150.6,  7.987,
2060200704, 120108, 100848,  200.0,  7.915,
2080200722, 012109, 105811,    7.4,  8.075,
2080200719, 012109, 105342,   24.1,  8.073,
2080200717, 012109, 105001,   44.8,  8.075,
2080200715, 012109, 104641,   74.0,  8.074,
2080200712, 012109, 104211,  100.4,  8.061,
2080200707, 012109, 103422,  149.6,  8.036,
2090200722, 021809, 073952,    8.9,  8.070,
2090200719, 021809, 073522,   24.4,  8.069,
2090200717, 021809, 073222,   44.4,  8.065,
2090200715, 021809, 072917,   75.6,  8.062,
2090200712, 021809, 072422,   98.9,  8.064,
2090200707, 021809, 071617,  149.3,  7.962,
2090200704, 021809, 071122,  199.5,  7.918,
2100200722, 042909, 073807,    5.3,  8.058,
2110200722, 052809, 072631,    4.7,  8.065,
2110200719, 052809, 072317,   25.2,  8.059,
2110200717, 052809, 072005,   45.5,  8.051,
2110200715, 052809, 071716,   75.7,  8.057,
2110200712, 052809, 071315,  100.3,  8.050,
2110200707, 052809, 070451,  149.8,  8.018,
2120200722, 070409, 071834,    5.4,  8.067,
2120200719, 070409, 071344,   24.3,  8.068,
2120200717, 070409, 071038,   44.3,  8.064,
2120200715, 070409, 070715,   74.5,  8.058,
2120200712, 070409, 070150,  100.3,  8.042,
2130201222, 072609, 102400,    5.7,  8.068,
2130201217, 072609, 101405,   45.2,  8.073,
2130201215, 072609, 101035,   74.8,  8.050,
2130201212, 072609, 100540,  100.2,  8.049,
2130201207, 072609, 095755,  149.6,  8.025,
2140200722, 081909, 074618,    6.0,  8.069,
2140200719, 081909, 074027,   24.3,  8.079,
2140200717, 081909, 073737,   45.6,  8.084,
2140200715, 081909, 073405,   73.7,  8.075,
2140200712, 081909, 072937,   98.9,  8.068,
2140200707, 081909, 072101,  153.1,  8.024,
2150200822, 092509, 071802,    5.3,  8.081,
2150200819, 092509, 071442,   24.9,  8.077,
2150200817, 092509, 071142,   44.5,  8.071,
2150200815, 092509, 070659,   69.1,  8.057,
2150200812, 092509, 070203,   99.7,  8.045,
2150200807, 092509, 065402,  149.4,  7.972,
2160200722, 110409, 072049,    4.8,  8.078,
2160200719, 110409, 071738,   23.5,  8.077,
2160200717, 110409, 071423,   45.4,  8.075,
2160200715, 110409, 071108,   75.3,  8.064,
2160200712, 110409, 070654,  100.0,  8.026,
2160200707, 110409, 065854,  150.1,  7.989,
2170200822, 121009, 071556,    4.8,  8.066,
2170200819, 121009, 071304,   24.7,  8.066,
2170200817, 121009, 071034,   44.4,  8.063,
2170200815, 121009, 070724,   75.0,  8.040,
2170200812, 121009, 070310,  100.5,  8.018,
2170200807, 121009, 065554,  149.9,  7.993,
2190200522, 031010, 183350,    4.7,  8.069,
2190200519, 031010, 183121,   25.5,  8.068,
2190200517, 031010, 182852,   45.6,  8.064,
2190200515, 031010, 182621,   75.3,  8.060,
2190200512, 031010, 182306,  101.3,  8.037,
2190200507, 031010, 181706,  150.8,  7.978,
2200200722, 040710, 070439,    4.8,  8.062,
2200200719, 040710, 070126,   25.6,  8.066,
2200200717, 040710, 070027,   45.4,  8.056,
2200200715, 040710, 065754,   76.6,  8.062,
2200200712, 040710, 065459,   99.8,  8.045,
2200200707, 040710, 064950,  151.1,  7.984,
2210200822, 051910, 070624,    4.2,  8.065,
2210200819, 051910, 070204,   24.7,  8.065,
2210200817, 051910, 065955,   45.4,  8.063,
2210200815, 051910, 065735,   74.5,  8.059,
2210200812, 051910, 065419,  100.0,  8.019,
2210200807, 051910, 064855,  150.4,  8.020,
2220200822, 060910, 070850,    5.6,  8.060,
2220200819, 060910, 070619,   25.0,  8.056,
2220200817, 060910, 070404,   45.7,  8.051,
2220200815, 060910, 070134,   74.1,  8.032,
2220200812, 060910, 065805,   98.2,  8.013,
2220200807, 060910, 065150,  146.6,  7.984,
2230200822, 070910, 090108,    5.7,  8.083,
2230200819, 070910, 085554,   25.0,  8.068,
2230200817, 070910, 085208,   44.3,  8.060,
2230200815, 070910, 084749,   74.4,  8.047,
2230200812, 070910, 084244,   99.3,  8.017,
2230200807, 070910, 083344,  149.1,  7.981,
2240200822, 080810, 072006,    5.7,  8.072,
2240200819, 080810, 071448,   25.3,  8.075,
2240200817, 080810, 071241,   45.2,  8.074,
2240200815, 080810, 070934,   75.5,  8.065,
2240200812, 080810, 070533,  100.2,  8.050,
2240200807, 080810, 065858,  150.3,  8.022,
2250200822, 090410, 103953,    5.4,  8.077,
2250200819, 090410, 103418,   25.6,  8.075,
2250200817, 090410, 103034,   45.5,  8.075,
2250200815, 090410, 102658,   76.0,  8.072,
2250200812, 090410, 102148,  100.5,  8.051,
2250200807, 090410, 101333,  150.2,  8.005,
2260200823, 100410, 071552,    7.5,  8.081,
2260200819, 100410, 071201,   26.0,  8.082,
2260200817, 100410, 070911,   45.9,  8.082,
2260200815, 100410, 070552,   75.3,  8.067,
2260200812, 100410, 070147,  100.6,  8.040,
2260200807, 100410, 065407,  150.4,  8.003,
2260200804, 100410, 064906,  199.8,  7.982,
2270200122, 112110, 063606,    5.2,  8.078,
2270200119, 112110, 063357,   24.8,  8.075,
2270200117, 112110, 063159,   44.9,  8.077,
2270200115, 112110, 062950,   74.8,  8.072,
2270200112, 112110, 062657,  100.4,  8.037,
2290200722, 012911, 070207,    2.4,  8.067,
2290200719, 012911, 065817,   24.8,  8.066,
2290200717, 012911, 065538,   44.9,  8.065,
2290200715, 012911, 065243,   74.6,  8.058,
2290200712, 012911, 064847,  101.4,  8.012,
2290200707, 012911, 064228,  150.3,  7.955,
2300200722, 030111, 070431,    7.8,  8.073,
2300200719, 030111, 070031,   26.1,  8.072,
2300200717, 030111, 065737,   45.0,  8.067,
2300200715, 030111, 065357,   75.4,  8.062,
2300200712, 030111, 064936,  100.5,  8.060,
2300200707, 030111, 064107,  150.8,  7.974,
2310200622, 041211, 091442,    6.8,  8.069,
2310200619, 041211, 091152,   25.4,  8.069,
2310200617, 041211, 090912,   44.8,  8.069,
2310200615, 041211, 090537,   75.5,  8.066,
2310200612, 041211, 090057,  101.1,  8.067,
2310200607, 041211, 085332,  150.9,  8.025,
2320200722, 051011, 073142,    5.6,  8.070,
2320200719, 051011, 072917,   26.3,  8.070,
2320200717, 051011, 072717,   44.6,  8.105,
2320200715, 051011, 072507,   75.3,  8.050,
2320200707, 051011, 071657,  150.2,  8.024,
2330200923, 072011, 105026,    6.1,  8.079,
2330200919, 072011, 104721,   24.7,  8.080,
2330200917, 072011, 104441,   44.5,  8.081,
2330200915, 072011, 104116,   74.8,  8.073,
2330200912, 072011, 103716,   99.8,  8.064,
2330200907, 072011, 103036,  149.3,  8.025,
2330200904, 072011, 102546,  199.5,  7.944,
2340200423, 083111, 011915,    5.7,  8.094,
2340200419, 083111, 011525,   24.6,  8.088,
2340200417, 083111, 011311,   44.6,  8.067,
2340200415, 083111, 011010,   74.9,  8.053,
2340200412, 083111, 010625,   99.8,  8.026,
2340200407, 083111, 010025,  149.4,  7.962,
2350200222, 092711, 010815,    5.8,  8.087,
2350200219, 092711, 010414,   25.8,  8.097,
2350200217, 092711, 010109,   45.6,  8.092,
2350200215, 092711, 005709,   76.1,  8.077,
2350200212, 092711, 005240,  100.7,  8.052,
2350200207, 092711, 004417,  150.4,  7.991,
2360200722, 110511, 095852,    5.7,  8.082,
2360200719, 110511, 095617,   24.5,  8.085,
2360200717, 110511, 095352,   45.5,  8.083,
2360200715, 110511, 095112,   74.9,  8.066,
2360200712, 110511, 094837,   99.8,  8.044,
2360200707, 110511, 094407,  149.8,  7.974,
2370200422, 112911, 084830,    6.0,  8.077,
2370200419, 112911, 084633,   24.9,  8.079,
2370200417, 112911, 084459,   45.5,  8.075,
2370200415, 112911, 084303,   74.8,  8.079,
2370200412, 112911, 084020,   99.8,  8.078,
2370200407, 112911, 083552,  150.2,  8.009,
2370200404, 112911, 083255,  200.0,  7.945,
2380200622, 122011, 061318,    5.0,  8.071,
2380200619, 122011, 060907,   24.6,  8.071,
2380200617, 122011, 060638,   43.8,  8.063,
2380200615, 122011, 060347,   73.9,  8.069,
2380200612, 122011, 060003,   99.5,  8.066,
2380200607, 122011, 055307,  149.5,  7.985,
2380200604, 122011, 054803,  199.6,  7.928,
2390200722, 011912, 065446,    5.5,  8.062,
2390200719, 011912, 065255,   25.1,  8.063,
2390200717, 011912, 065121,   44.6,  8.060,
2390200715, 011912, 064926,   76.1,  8.062,
2390200712, 011912, 064706,  101.5,  8.062,
2390200707, 011912, 064306,  151.0,  8.007,
2390200704, 011912, 063955,  199.4,  7.948,
2400200422, 032512, 183439,    6.4,  8.059,
2400200419, 032512, 183110,   25.5,  8.059,
2400200417, 032512, 182855,   45.2,  8.061,
2400200415, 032512, 182540,   76.3,  8.056,
2400200412, 032512, 182242,  102.7,  8.054,
2400200407, 032512, 181731,  150.4,  8.024,
2410201223, 050312, 215925,    5.9,  8.055,
2410201219, 050312, 215638,   23.9,  8.058,
2410201217, 050312, 215435,   43.9,  8.055,
2410201215, 050312, 215216,   73.1,  8.057,
2410201212, 050312, 214842,   98.3,  8.056,
2410201207, 050312, 214343,  150.8,  8.045,
2410201204, 050312, 213924,  199.5,  7.977,
2420201322, 060112, 041458,    4.9,  8.063,
2420201319, 060112, 041239,   24.4,  8.066,
2420201317, 060112, 041034,   45.5,  8.065,
2420201315, 060112, 040824,   74.9,  8.060,
2420201312, 060112, 040524,   99.7,  8.055,
2420201307, 060112, 040001,  148.5,  8.029,
2430200822, 062712, 162419,    5.7,  8.059,
2430200819, 062712, 162214,   25.6,  8.059,
2430200817, 062712, 162019,   45.2,  8.050,
2430200815, 062712, 161819,   74.8,  8.064,
2430200812, 062712, 161549,   99.8,  8.047,
2430200807, 062712, 161129,  150.3,  8.001,
2430200804, 062712, 160819,  199.7,  7.944,
2440200722, 080112, 065902,   10.5,  8.065,
2440200719, 080112, 065632,   25.8,  8.060,
2440200717, 080112, 065357,   45.4,  8.066,
2440200715, 080112, 065132,   75.1,  8.056,
2440200712, 080112, 064817,  100.4,  8.031,
2440200707, 080112, 064216,  150.2,  7.997,
2440200704, 080112, 063804,  200.0,  7.979,
2450200622, 081812, 065730,    4.9,  8.064,
2450200619, 081812, 065500,   25.4,  8.062,
2450200617, 081812, 065310,   45.3,  8.069,
2450200615, 081812, 065109,   75.0,  8.065,
2450200612, 081812, 064926,  100.0,  8.057,
2450200607, 081812, 064424,  150.1,  8.018,
2460200622, 091512, 070559,    5.7,  8.066,
2460200619, 091512, 070340,   25.5,  8.060,
2460200617, 091512, 070210,   44.7,  8.065,
2460200615, 091512, 070020,   75.4,  8.063,
2460200612, 091512, 065809,  100.2,  8.026,
2460200607, 091512, 065355,  150.7,  8.004,
2470200622, 100812, 074841,    4.5,  8.066,
2470200619, 100812, 074631,   25.5,  8.063,
2470200617, 100812, 074441,   45.5,  8.067,
2470200615, 100812, 074231,   75.3,  8.068,
2470200612, 100812, 073951,  100.2,  8.049,
2470200607, 100812, 073511,  149.9,  8.020,
2480200622, 120412, 083046,    7.0,  8.068,
2480200619, 120412, 082722,   26.5,  8.067,
2480200617, 120412, 082502,   46.9,  8.067,
2480200615, 120412, 082232,   75.9,  8.068,
2480200612, 120412, 081921,  101.1,  8.039,
2480200607, 120412, 081323,  150.7,  8.006,
2490200622, 021313, 071338,    7.3,  8.055,
2490200619, 021313, 070849,   25.5,  8.057,
2490200617, 021313, 070627,   45.7,  8.055,
2490200615, 021313, 070327,   75.9,  8.055,
2490200612, 021313, 070007,  100.3,  8.056,
2490200607, 021313, 065447,  150.2,  8.036,
2500200722, 030713, 071737,    8.7,  8.050,
2500200719, 030713, 071427,   23.8,  8.051,
2500200717, 030713, 071237,   45.2,  8.046,
2500200715, 030713, 071037,   75.2,  8.054,
2500200712, 030713, 070757,   99.9,  8.052,
2500200707, 030713, 070308,  149.7,  8.018,
2500200704, 030713, 065938,  199.6,  7.952,
2510200622, 040613, 071006,    5.3,  8.048,
2510200619, 040613, 070716,   25.3,  8.049,
2510200617, 040613, 070436,   45.5,  8.049,
2510200615, 040613, 070126,   75.5,  8.048,
2510200612, 040613, 065735,  100.1,  8.037,
2510200607, 040613, 065137,  150.7,  8.041,
2520200722, 051813, 071938,    8.8,  8.059,
2520200719, 051813, 071629,   25.7,  8.060,
2520200717, 051813, 071428,   44.4,  8.059,
2520200715, 051813, 071219,   74.6,  8.044,
2520200712, 051813, 070948,  100.1,  8.033,
2520200707, 051813, 070458,  150.1,  8.028,
2530200722, 062613, 071750,    7.2,  8.063,
2530200719, 062613, 071449,   24.9,  8.062,
2530200717, 062613, 071239,   45.2,  8.059,
2530200715, 062613, 070959,   75.5,  8.038,
2530200712, 062613, 070709,  100.0,  8.027,
2530200707, 062613, 070149,  150.8,  7.979,
2530200704, 062613, 065800,  199.9,  7.932,
2540200622, 091213, 070930,    7.4,  8.082,
2540200619, 091213, 070540,   26.9,  8.080,
2540200617, 091213, 070344,   46.3,  8.079,
2540200615, 091213, 070125,   75.1,  8.066,
2540200612, 091213, 065825,  100.6,  8.036,
2540200607, 091213, 065310,  150.3,  8.002,
2550200320, 100113, 222207,  149.0,  7.997,
2550200622, 100213, 070152,    7.5,  8.081,
2550200619, 100213, 065853,   26.2,  8.080,
2550200617, 100213, 065712,   45.4,  8.090,
2550200615, 100213, 065502,   76.7,  8.061,
2550200612, 100213, 065223,  101.5,  8.034,
2550200607, 100213, 064753,  150.5,  7.989,
2560200622, 102813, 070946,    6.5,  8.081,
2560200619, 102813, 070656,   25.4,  8.079,
2560200617, 102813, 070445,   45.0,  8.077,
2560200615, 102813, 070236,   75.0,  8.055,
2560200612, 102813, 065945,  100.2,  8.030,
2560200607, 102813, 065446,  150.2,  8.002,
2560200604, 102813, 065116,  199.9,  7.981,
2570200623, 112713, 072318,    6.0,  8.081,
2570200619, 112713, 071928,   24.2,  8.079,
2570200617, 112713, 071648,   45.0,  8.084,
2570200615, 112713, 071338,   74.8,  8.080,
2570200612, 112713, 070908,  100.1,  8.039,
2570200607, 112713, 070238,  149.9,  8.000,
2580200623, 122113, 071840,    6.7,  8.089,
2580200619, 122113, 071441,   25.2,  8.080,
2580200617, 122113, 071245,   45.6,  8.070,
2580200615, 122113, 071017,   75.2,  8.075,
2580200612, 122113, 070725,  100.6,  8.018,
2580200607, 122113, 070205,  149.3,  7.984,
2590200623, 011614, 073433,    6.5,  8.068,
2590200617, 011614, 072854,   45.8,  8.070,
2590200615, 011614, 072543,   75.3,  8.068,
2590200612, 011614, 072213,  100.9,  8.033,
2590200607, 011614, 071613,  150.2,  7.990,
2600200623, 021514, 091648,    6.2,  8.061,
2600200619, 021514, 091248,   25.0,  8.060,
2600200617, 021514, 090948,   45.1,  8.062,
2600200615, 021514, 090638,   75.8,  8.059,
2600200612, 021514, 090306,  100.4,  8.039,
2600200607, 021514, 085619,  150.7,  7.971,
2600200604, 021514, 085120,  199.8,  7.902,
2610200623, 030614, 071457,    7.5,  8.066,
2610200619, 030614, 071202,   26.1,  8.068,
2610200617, 030614, 070957,   45.6,  8.065,
2610200615, 030614, 070743,   75.5,  8.066,
2610200612, 030614, 070453,  100.6,  8.038,
2610200607, 030614, 065952,  150.6,  7.991,
2610200604, 030614, 065623,  199.8,  7.935,
2620200623, 041114, 070940,    4.9,  8.064,
2620200619, 041114, 070649,   25.3,  8.060,
2620200617, 041114, 070459,   44.7,  8.065,
2620200615, 041114, 070234,   75.1,  8.059,
2620200612, 041114, 065929,   99.8,  8.053,
2620200607, 041114, 065414,  150.1,  8.047,
2630200523, 060114, 070217,    4.8,  8.070,
2630200519, 060114, 065951,   25.6,  8.064,
2630200517, 060114, 065756,   44.6,  8.060,
2630200515, 060114, 065536,   75.0,  8.061,
2630200512, 060114, 065246,   99.3,  8.049,
2630200507, 060114, 064656,  149.9,  8.000,
2640200623, 070114, 071958,    5.3,  8.074,
2640200619, 070114, 071708,   24.8,  8.073,
2640200617, 070114, 071443,   45.3,  8.062,
2640200615, 070114, 071208,   75.5,  8.053,
2640200612, 070114, 070903,   99.6,  8.045,
2640200604, 070114, 065933,  199.8,  7.910,
2650200623, 091514, 071751,    5.3,  8.083,
2650200619, 091514, 071512,   24.7,  8.081,
2650200617, 091514, 071307,   44.5,  8.085,
2650200615, 091514, 071045,   75.5,  8.070,
2650200612, 091514, 070746,  100.4,  8.046,
2650200607, 091514, 070232,  150.0,  7.980,
2660200319, 101314, 220920,  193.1,  7.934,
2660200623, 101414, 071924,    5.6,  8.089,
2660200619, 101414, 071714,   24.4,  8.090,
2660200617, 101414, 071514,   44.6,  8.091,
2660200615, 101414, 071254,   75.2,  8.065,
2660200612, 101414, 071004,  100.1,  8.050,
2660200607, 101414, 070449,  151.6,  8.000,
2670200623, 112214, 071138,    5.0,  8.092,
2670200619, 112214, 070908,   25.4,  8.093,
2670200617, 112214, 070658,   43.8,  8.091,
2670200615, 112214, 070418,   75.2,  8.081,
2670200612, 112214, 070118,  100.0,  8.032,
2670200607, 112214, 065551,  150.6,  7.965,
2680200623, 121714, 103137,    7.8,  8.073,
2680200619, 121714, 102739,   26.3,  8.074,
2680200617, 121714, 102448,   45.3,  8.074,
2680200615, 121714, 102143,   75.5,  8.074,
2680200612, 121714, 101743,  100.3,  8.074,
2680200607, 121714, 101033,  150.7,  7.995,
2680200604, 121714, 100434,  199.8,  7.952,
2690200623, 022515, 073446,    4.8,  8.061,
2690200619, 022515, 073201,   25.0,  8.056,
2690200617, 022515, 072916,   45.0,  8.050,
2690200615, 022515, 072641,   74.8,  8.053,
2690200612, 022515, 072306,  100.6,  8.047,
2690200607, 022515, 071641,  150.2,  8.038,
2690200604, 022515, 071211,  199.7,  7.975,
2700200623, 033015, 125737,    4.5,  8.061,
2700200619, 033015, 125441,   24.6,  8.062,
2700200617, 033015, 125221,   45.0,  8.062,
2700200615, 033015, 124936,   74.8,  8.063,
2700200612, 033015, 124601,   98.9,  8.062,
2700200607, 033015, 123956,  152.1,  8.035,
2700200604, 033015, 123536,  198.2,  7.991,
2710200622, 042215, 082405,    6.0,  8.067,
2710200619, 042215, 082214,   24.0,  8.066,
2710200617, 042215, 082035,   44.7,  8.063,
2710200615, 042215, 081840,   75.2,  8.044,
2710200612, 042215, 081634,   98.9,  8.027,
2710200607, 042215, 081235,  149.0,  7.995,
2720200722, 052415, 070942,    4.4,  8.069,
2720200719, 052415, 070751,   24.7,  8.069,
2720200715, 052415, 070426,   75.1,  8.066,
2720200707, 052415, 065751,  149.8,  8.046,
2720200704, 052415, 065506,  199.7,  8.006,
2730200722, 062015, 072322,    6.4,  8.074,
2730200719, 062015, 072028,   24.1,  8.075,
2730200717, 062015, 071823,   44.0,  8.077,
2730200712, 062015, 071249,  100.9,  8.068,
2730200707, 062015, 070648,  149.9,  8.032,
2730200704, 062015, 070229,  199.4,  8.004,
2740200722, 072015, 070452,    6.1,  8.075,
2740200719, 072015, 070212,   25.7,  8.076,
2740200717, 072015, 070022,   44.6,  8.059,
2740200715, 072015, 065822,   75.7,  8.047,
2740200712, 072015, 065536,   99.3,  8.023,
2740200707, 072015, 065127,  150.3,  7.977,
2740200704, 072015, 064822,  199.9,  7.935,
2750200622, 081315, 070720,    4.6,  8.079,
2750200619, 081315, 070441,   25.5,  8.079,
2750200617, 081315, 070226,   46.2,  8.060,
2750200615, 081315, 070006,   75.3,  8.030,
2750200612, 081315, 065656,  100.2,  8.014,
2750200607, 081315, 065121,  149.4,  7.913,
2750200604, 081315, 064746,  199.7,  7.861,
2770200622, 101415, 065216,    5.7,  8.077,
2770200619, 101415, 064954,   25.1,  8.076,
2770200617, 101415, 064801,   45.0,  8.075,
2770200615, 101415, 064556,   75.1,  8.037,
2770200612, 101415, 064311,  100.0,  8.018,
2770200607, 101415, 063811,  149.6,  7.952,
2780200522, 111415, 072027,    4.8,  8.084,
2780200519, 111415, 071710,   24.8,  8.087,
2780200517, 111415, 071436,   44.2,  8.094,
2780200515, 111415, 071153,   74.9,  8.073,
2780200512, 111415, 070810,  100.7,  8.029,
2780200507, 111415, 070207,  150.0,  7.963,
2790200622, 120915, 070430,    4.9,  8.085,
2790200619, 120915, 070141,   24.9,  8.086,
2790200617, 120915, 065936,   44.8,  8.088,
2790200615, 120915, 065708,   74.6,  8.082,
2790200612, 120915, 065408,  100.5,  8.051,
2790200607, 120915, 064841,  149.8,  7.978,