botid, date, time, press, pp, 
#, mmddyy, hhmmss, dbar, nmol/kg, 
0440201412, 012193, 144314,    8.8,    9.1,
0440201411, 012193, 144144,   24.1,   10.4,
0440201410, 012193, 144036,   44.5,   15.1,
0440201409, 012193, 143923,   75.5,   14.8,
0440201408, 012193, 143812,  100.3,   10.7,
0440201407, 012193, 143657,  126.3,    7.3,
0440201406, 012193, 143543,  151.9,    6.3,
0440201405, 012193, 143422,  177.7,    4.7,
0450200418, 021793, 010246,    5.1,   15.1,
0450200417, 021793, 010056,   25.3,   15.5,
0450200416, 021793, 005913,   45.4,   18.0,
0450200415, 021793, 005738,   75.0,   13.2,
0450200414, 021793, 005625,   79.7,   19.5,
0450200413, 021793, 005451,   84.8,   17.7,
0450200412, 021793, 005256,   89.8,   18.0,
0450200411, 021793, 005134,   95.1,   16.1,
0450200410, 021793, 004917,   99.9,   15.8,
0450200409, 021793, 004733,  125.4,    7.9,
0450200408, 021793, 004600,  150.5,    6.0,
0450200407, 021793, 004343,  176.4,    6.0,
0460200517, 041493, 153609,   28.6,   19.9,
0460200515, 041493, 153424,   44.8,   19.9,
0460200512, 041493, 153020,   99.8,   19.2,
0460201024, 041593, 104106,    5.4,   19.2,
0460201015, 041593, 103017,   24.3,   17.7,
0460201014, 041593, 102834,   44.2,   17.0,
0460201013, 041593, 102640,   75.6,   18.9,
0460201012, 041593, 102446,   90.3,   17.7,
0460201011, 041593, 102259,   99.3,   17.0,
0460201010, 041593, 102137,  105.4,   18.3,
0460201009, 041593, 102018,  109.9,   25.9,
0460201008, 041593, 101837,  114.4,   14.5,
0460201007, 041593, 101547,  121.1,   14.5,
0460201006, 041593, 101348,  124.5,   14.2,
0460201005, 041593, 101213,  134.3,   13.6,
0460201004, 041593, 101018,  148.0,   14.2,
0460201003, 041593, 100810,  173.4,   10.1,
0470200718, 052093, 201307,    6.8,   17.7,
0470200716, 052093, 201014,   28.0,   21.1,
0470200715, 052093, 200817,   48.1,   20.5,
0470200714, 052093, 200726,   48.0,   18.6,
0470200713, 052093, 200443,   78.7,   20.5,
0470200712, 052093, 200332,   77.8,   19.2,
0470200711, 052093, 200138,  100.5,   18.0,
0470200710, 052093, 195946,  119.9,   15.4,
0470200709, 052093, 195804,  138.9,   12.6,
0470200708, 052093, 195633,  148.5,   12.3,
0470200707, 052093, 195449,  174.5,    8.5,
0470200706, 052093, 195301,  204.2,    6.0,
0490200522, 091493, 011743,    6.9,   15.1,
0490200521, 091493, 011504,   26.6,   18.6,
0490200520, 091493, 011444,   26.7,   19.5,
0490200519, 091493, 011230,   48.3,   18.6,
0490200518, 091493, 010954,   76.8,   19.5,
0490200517, 091493, 010714,  102.1,   14.2,
0490200516, 091493, 010655,  102.0,   15.8,
0490200513, 091493, 010158,  125.0,   16.4,
0490200509, 091493, 005640,  148.6,    8.8,
0490200507, 091493, 005414,  175.4,    5.7,
0500201019, 102993, 205241,    7.4,   16.1,
0500201018, 102993, 205024,   26.3,   16.1,
0500201017, 102993, 204846,   45.8,   19.5,
0500201016, 102993, 204703,   65.8,   17.7,
0500201014, 102993, 204315,  100.7,   12.9,
0500201013, 102993, 204131,  105.0,   12.6,
0500201012, 102993, 204011,  110.0,   10.4,
0500201011, 102993, 203852,  120.7,    7.6,
0500201010, 102993, 203749,  126.9,    9.5,
0500201007, 102993, 203356,  152.7,    5.7,
0500201006, 102993, 203203,  177.5,    4.4,
0510200823, 012094, 212030,    6.9,    8.5,
0510200822, 012094, 211822,   12.6,   13.2,
0510200821, 012094, 211704,   27.6,   12.9,
0510200820, 012094, 211544,   46.4,   13.6,
0510200818, 012094, 211311,   62.8,    9.8,
0510200817, 012094, 211133,   72.9,   13.2,
0510200816, 012094, 211001,   84.9,   12.6,
0510200815, 012094, 210831,   99.3,   12.6,
0510200814, 012094, 210723,  116.2,    8.2,
0510200813, 012094, 210603,  125.2,    5.7,
0510200812, 012094, 210428,  152.8,    4.7,
0510200809, 012094, 210153,  175.9,    5.0,
0520200924, 021794, 195707,    5.5,   17.3,
0520200923, 021794, 195548,   25.2,   18.9,
0520200922, 021794, 195427,   44.8,   16.1,
0520200920, 021794, 194920,   69.8,   13.9,
0520200919, 021794, 194803,   75.2,   14.5,
0520200917, 021794, 194535,  100.5,   13.6,
0520200915, 021794, 194341,  125.9,   12.3,
0520200913, 021794, 194126,  149.7,    9.5,
0520200911, 021794, 193909,  175.7,    5.7,
0530201124, 030994, 205953,    5.6,   12.3,
0530201123, 030994, 205816,   25.5,   17.0,
0530201121, 030994, 205630,   45.6,   14.8,
0530201117, 030994, 205254,   75.3,   12.3,
0530201116, 030994, 205135,  100.6,   12.0,
0530201114, 030994, 204956,  126.2,   11.0,
0530201113, 030994, 204824,  140.8,   11.0,
0530201112, 030994, 204713,  147.9,    8.8,
0530201110, 030994, 204506,  175.2,    7.3,
0540200817, 061994, 075522,    4.8,   13.6,
0540200816, 061994, 075421,   24.9,   13.2,
0540200815, 061994, 075320,   44.9,   12.3,
0540200814, 061994, 075214,   75.6,   10.7,
0540200813, 061994, 075109,   99.4,    9.8,
0540200812, 061994, 075000,  124.7,    9.5,
0540200810, 061994, 074752,  150.0,    6.0,
0540200809, 061994, 074635,  175.5,    6.0,
0550200715, 072594, 175955,    5.4,    7.9,
0550200714, 072594, 175840,   25.1,   21.1,
0550200713, 072594, 175742,   43.3,   22.1,
0550200712, 072594, 175634,   74.7,   16.1,
0550200711, 072594, 175523,   89.9,   15.8,
0550200710, 072594, 175443,   98.9,   12.6,
0550200709, 072594, 175351,  110.5,   11.7,
0550200708, 072594, 175255,  125.9,    8.8,
0550200707, 072594, 175136,  149.9,   12.9,
0550200706, 072594, 175036,  176.5,    4.1,
0560200917, 083094, 192337,    3.8,   16.1,
0560200916, 083094, 192222,   25.4,   17.0,
0560200915, 083094, 192115,   45.0,   16.7,
0560200914, 083094, 191945,   75.0,   16.4,
0560200913, 083094, 191843,   89.8,   17.7,
0560200912, 083094, 191750,   94.5,   16.7,
0560200911, 083094, 191704,   99.6,   13.9,
0560200910, 083094, 191622,  104.7,   11.3,
0560200909, 083094, 191541,  110.0,   13.9,
0560200908, 083094, 191447,  124.2,   10.7,
0560200907, 083094, 191342,  149.5,    5.7,
0560200906, 083094, 191229,  175.0,    3.2,
0570200816, 092394, 195939,    7.8,   15.5,
0570200815, 092394, 195807,   25.5,   17.0,
0570200814, 092394, 195647,   45.8,   16.4,
0570200813, 092394, 195536,   74.6,   13.2,
0570200812, 092394, 195427,   99.8,   12.3,
0570200811, 092394, 195326,  109.1,   12.9,
0570200810, 092394, 195236,  114.9,   11.7,
0570200809, 092394, 195139,  120.0,   10.7,
0570200808, 092394, 195051,  124.8,   15.1,
0570200807, 092394, 195011,  129.9,   13.6,
0570200806, 092394, 194838,  150.3,    7.3,
0570200805, 092394, 194708,  175.8,    4.1,
0580200424, 101594, 040149,    4.9,   14.2,
0580200423, 101594, 040023,   25.1,   15.1,
0580200422, 101594, 035858,   45.0,   11.0,
0580200413, 101594, 035402,   74.3,   16.7,
0580200412, 101594, 035235,  100.5,   12.9,
0580200411, 101594, 035113,  119.5,   10.4,
0580200410, 101594, 035020,  124.5,    6.9,
0580200409, 101594, 034911,  129.9,    6.6,
0580200408, 101594, 034809,  135.0,    6.9,
0580200407, 101594, 034718,  140.3,    7.6,
0580200406, 101594, 034617,  150.5,    6.0,
0580200405, 101594, 034456,  175.0,    5.4,
0590200323, 112094, 020208,    5.3,   14.2,
0590200320, 112094, 015943,   18.1,   14.5,
0590200317, 112094, 015602,   44.9,   12.6,
0590200316, 112094, 015433,   75.6,   15.1,
0590200314, 112094, 015154,   95.2,   11.7,
0590200311, 112094, 014935,  109.6,   11.0,
0590200310, 112094, 014825,  124.7,   10.7,
0590200309, 112094, 014701,  150.0,    6.9,
0590200306, 112094, 014341,  177.5,    4.7,
0600201024, 020795, 234626,    5.7,   10.1,
0600201022, 020795, 234443,   25.0,   14.2,
0600201021, 020795, 234311,   45.5,   17.0,
0600201020, 020795, 234128,   74.9,   17.3,
0600201018, 020795, 233948,  100.2,   15.1,
0600201017, 020795, 233824,  120.1,   12.6,
0600201016, 020795, 233719,  125.1,   11.7,
0600201015, 020795, 233613,  130.4,   10.1,
0600201014, 020795, 233513,  135.7,   10.7,
0600201013, 020795, 233412,  140.2,    9.5,
0600201012, 020795, 233255,  151.1,    8.2,
0600201009, 020795, 233032,  173.9,    6.6,
0610200813, 030495, 203226,    5.4,   14.5,
0610200812, 030495, 203014,   25.0,   14.2,
0610200811, 030495, 202824,   45.4,   14.2,
0610200810, 030495, 202629,   74.4,   11.0,
0610200809, 030495, 202436,  100.3,    9.3,
0610200808, 030495, 202235,  125.6,    6.0,
0610200807, 030495, 202103,  150.2,    4.7,
0610200806, 030495, 201937,  174.8,    5.0,
0620200916, 040695, 185543,    4.8,   11.7,
0620200915, 040695, 185440,   24.5,   12.6,
0620200914, 040695, 185344,   45.2,   12.9,
0620200913, 040695, 185242,   74.4,   13.2,
0620200912, 040695, 185141,   99.8,   12.0,
0620200911, 040695, 185054,  110.3,   13.2,
0620200910, 040695, 185003,  124.2,   10.7,
0620200909, 040695, 184907,  139.5,   11.0,
0620200908, 040695, 184818,  149.7,    9.5,
0620200907, 040695, 184729,  159.4,    8.5,
0620200906, 040695, 184634,  174.5,    6.3,
0630200321, 050795, 025750,    4.7,   19.9,
0630200319, 050795, 025614,   25.1,   17.3,
0630200317, 050795, 025454,   44.9,   18.6,
0630200315, 050795, 025237,  101.1,   10.7,
0630200313, 050795, 025111,  125.6,    6.9,
0630200312, 050795, 024916,  159.2,    4.1,
0630200310, 050795, 024758,  173.9,    5.4,
0630200419, 050795, 055935,   74.3,   10.1,
0630200923, 050795, 210618,    5.4,   12.6,
0630200921, 050795, 210508,   24.9,   17.0,
0630200919, 050795, 210349,   45.1,   11.7,
0630200917, 050795, 210234,   74.5,   15.8,
0630200915, 050795, 210119,   99.7,   16.7,
0630200913, 050795, 210005,  124.7,    5.7,
0630200911, 050795, 205839,  161.2,    2.8,
0630200909, 050795, 205709,  177.3,    4.4,
0640200322, 073095, 011220,    4.7,   15.8,
0640200321, 073095, 011009,   24.6,   13.2,
0640200320, 073095, 010805,   45.0,   11.0,
0640200318, 073095, 010442,   75.9,   18.6,
0640200316, 073095, 010127,   99.5,   11.0,
0640200314, 073095, 005555,  126.3,   12.0,
0640200313, 073095, 005332,  151.6,    4.4,
0640200312, 073095, 005127,  174.2,    5.4,
0650200818, 082895, 192723,    4.6,   17.7,
0650200817, 082895, 192625,    9.9,    8.2,
0650200816, 082895, 192521,   24.2,   18.3,
0650200815, 082895, 192410,   44.1,   19.2,
0650200814, 082895, 192305,   59.2,   20.2,
0650200813, 082895, 192156,   74.5,   17.3,
0650200811, 082895, 191945,  100.1,   16.4,
0650200810, 082895, 191851,  109.1,   16.7,
0650200809, 082895, 191745,  119.4,   12.0,
0650200808, 082895, 191553,  140.1,    6.0,
0650200807, 082895, 191446,  150.7,    6.3,
0650200806, 082895, 191324,  175.9,    4.4,
0660201020, 092795, 215206,    4.2,    8.8,
0660201018, 092795, 215045,   24.8,   11.4,
0660201017, 092795, 214934,   45.2,    9.8,
0660201016, 092795, 214817,   74.0,   13.2,
0660201014, 092795, 214644,  100.0,   11.0,
0660201013, 092795, 214525,  124.6,    6.6,
0660201011, 092795, 214356,  149.4,    3.8,
0660201009, 092795, 214231,  174.5,    3.2,
0670200416, 102695, 235552,    4.6,   14.5,
0670200415, 102695, 235426,   24.5,   11.4,
0670200414, 102695, 235303,   44.8,   18.3,
0670200413, 102695, 235115,   75.4,   18.9,
0670200412, 102695, 235006,   89.9,   14.8,
0670200411, 102695, 234855,   99.4,   10.4,
0670200410, 102695, 234744,  105.6,   10.4,
0670200409, 102695, 234638,  115.5,    8.8,
0670200408, 102695, 234533,  124.4,    8.2,
0670200407, 102695, 234416,  149.6,    6.0,
0670200406, 102695, 234256,  174.7,    3.2,
0670200405, 102695, 234129,  200.1,    3.8,
0680200316, 111695, 204840,   25.2,   11.4,
0680200314, 111695, 204741,   44.8,   14.5,
0680200310, 111695, 204444,   99.3,    4.7,
0680200419, 111695, 235606,    5.1,   15.5,
0680200415, 111695, 235311,   25.2,   17.7,
0680200413, 111695, 235153,   44.6,   13.2,
0680200412, 111695, 235013,   74.5,   12.9,
0680200411, 111695, 234903,   95.1,   23.3,
0680200409, 111695, 234759,   99.3,   16.4,
0680200408, 111695, 234659,  109.7,   10.7,
0680200407, 111695, 234603,  124.7,   12.3,
0680200406, 111695, 234451,  150.1,    5.4,
0680200405, 111695, 234340,  174.1,    4.4,
0690200417, 011696, 225709,    4.1,    9.1,
0690200416, 011696, 225533,   24.2,   13.6,
0690200415, 011696, 225409,   43.9,   18.0,
0690200414, 011696, 225230,   74.3,   18.0,
0690200413, 011696, 225106,   94.0,   16.4,
0690200412, 011696, 224954,   98.4,   12.0,
0690200411, 011696, 224903,  103.9,   14.2,
0690200409, 011696, 224724,  113.9,   11.4,
0690200408, 011696, 224615,  124.3,   10.4,
0690200407, 011696, 224457,  147.8,   15.4,
0690200406, 011696, 224315,  174.6,    6.0,
0700200412, 032796, 015605,    5.2,   14.5,
0700200411, 032796, 015437,   24.7,   14.2,
0700200410, 032796, 015321,   44.5,   13.9,
0700200409, 032796, 015133,   75.0,   15.5,
0700200408, 032796, 015011,   99.0,   12.6,
0700200407, 032796, 014901,  124.1,   11.0,
0700200406, 032796, 014709,  149.7,    5.4,
0700200405, 032796, 014541,  174.6,    4.1,
0710200415, 042496, 005928,    4.3,   18.6,
0710200414, 042496, 005816,   24.5,   14.5,
0710200413, 042496, 005704,   45.2,   19.9,
0710200412, 042496, 005546,   74.3,   13.2,
0710200411, 042496, 005424,  100.0,   13.2,
0710200410, 042496, 005314,  124.0,   13.2,
0710200409, 042496, 005206,  135.3,   12.0,
0710200408, 042496, 005034,  150.4,    9.1,
0710200407, 042496, 004918,  174.3,    4.7,
0720200712, 052296, 205324,    4.7,   15.5,
0720200711, 052296, 205214,   25.2,   15.5,
0720200710, 052296, 205024,   44.5,   15.1,
0720200709, 052296, 204904,   74.4,   16.4,
0720200708, 052296, 204758,   99.7,    7.3,
0720200707, 052296, 204646,  125.0,   17.0,
0720200706, 052296, 204530,  150.6,   10.1,
0720200705, 052296, 204422,  175.7,    4.4,
0730200414, 062696, 005612,    4.5,   19.2,
0730200413, 062696, 005456,   24.4,   16.4,
0730200412, 062696, 005348,   44.3,   14.5,
0730200411, 062696, 005232,   74.4,   21.8,
0730200410, 062696, 005106,   99.0,   19.2,
0730200409, 062696, 004934,  124.8,   13.2,
0730200408, 062696, 004804,  138.9,   13.9,
0730200407, 062696, 004654,  149.5,   11.7,
0730200406, 062696, 004550,  159.7,    5.7,
0730200405, 062696, 004432,  175.2,    8.5,
0740200413, 072796, 005502,    4.5,   13.2,
0740200412, 072796, 005338,   24.8,   15.5,
0740200411, 072796, 005232,   45.1,   14.5,
0740200410, 072796, 005118,   75.3,   12.6,
0740200409, 072796, 005002,  100.0,   11.4,
0740200408, 072796, 004900,  119.4,   13.6,
0740200407, 072796, 004748,  140.0,    7.9,
0740200406, 072796, 004634,  150.2,    8.8,
0740200405, 072796, 004514,  174.4,    3.5,
0750200415, 082196, 015403,    4.7,   21.4,
0750200414, 082196, 015245,   24.5,   17.7,
0750200413, 082196, 015133,   44.6,   20.8,
0750200412, 082196, 015021,   74.3,   19.9,
0750200411, 082196, 014915,   89.5,   16.4,
0750200410, 082196, 014817,   99.3,    9.1,
0750200409, 082196, 014725,  103.8,   13.2,
0750200408, 082196, 014641,  109.6,   11.4,
0750200407, 082196, 014533,  124.4,    8.8,
0750200406, 082196, 014443,  129.5,    9.5,
0750200405, 082196, 014335,  149.6,    7.3,
0760200422, 100296, 005608,    4.4,   12.9,
0760200420, 100296, 005458,   24.8,   17.3,
0760200418, 100296, 005346,   44.3,   18.9,
0760200417, 100296, 005228,   74.4,   18.3,
0760200415, 100296, 005030,   99.4,   15.1,
0760200414, 100296, 004934,  109.0,   13.9,
0760200413, 100296, 004836,  124.4,   10.4,
0760200411, 100296, 004724,  149.9,    6.0,
0760200409, 100296, 004610,  174.8,    6.3,
0770200814, 103096, 185347,    3.7,    9.8,
0770200813, 103096, 185225,   24.9,   15.1,
0770200812, 103096, 185107,   44.0,   17.7,
0770200811, 103096, 184953,   74.6,   18.6,
0770200810, 103096, 184829,   99.2,   15.8,
0770200809, 103096, 184719,  124.9,   10.1,
0770200808, 103096, 184609,  149.6,    7.3,
0770200807, 103096, 184453,  175.3,    6.3,
0780200413, 121196, 025948,    4.1,   12.3,
0780200412, 121196, 025830,   24.2,   12.6,
0780200411, 121196, 025724,   44.6,   10.4,
0780200410, 121196, 025612,   74.7,   12.9,
0780200409, 121196, 025442,  101.5,   13.2,
0780200408, 121196, 025314,  126.2,   10.1,
0780200406, 121196, 025140,  151.1,    7.3,
0780200405, 121196, 025004,  176.0,    4.4,
0790200412, 010897, 014934,    5.1,   12.6,
0790200411, 010897, 014818,   25.2,   12.9,
0790200410, 010897, 014702,   44.8,   12.3,
0790200409, 010897, 014540,   75.5,    8.2,
0790200408, 010897, 014420,   99.8,   10.1,
0790200407, 010897, 014310,  125.2,    4.7,
0790200406, 010897, 014154,  150.4,    4.1,
0790200405, 010897, 014048,  175.4,    4.1,
0800200416, 021897, 010006,    5.3,   12.6,
0800200415, 021897, 005900,   24.8,   15.5,
0800200414, 021897, 005752,   44.7,   15.5,
0800200413, 021897, 005638,   74.6,   13.9,
0800200412, 021897, 005528,   99.3,   12.6,
0800200411, 021897, 005426,  115.0,   16.4,
0800200410, 021897, 005310,  119.7,   14.2,
0800200409, 021897, 005218,  124.6,   12.3,
0800200408, 021897, 005110,  150.3,    7.3,
0800200407, 021897, 004946,  175.4,    5.4,
0810200422, 031297, 005239,    4.3,   19.2,
0810200421, 031297, 005127,   24.1,   18.9,
0810200419, 031297, 005009,   45.2,   18.0,
0810200418, 031297, 004829,   75.2,   16.7,
0810200417, 031297, 004723,   99.7,   19.2,
0810200416, 031297, 004637,  109.3,   13.2,
0810200415, 031297, 004447,  150.0,    5.4,
0810200414, 031297, 004329,  174.8,    6.3,
0820200412, 040997, 005038,    4.2,   13.6,
0820200411, 040997, 004938,   24.7,   12.3,
0820200410, 040997, 004838,   45.2,   17.0,
0820200409, 040997, 004710,   74.2,   16.4,
0820200408, 040997, 004546,   99.4,    6.6,
0820200407, 040997, 004438,  124.4,    6.9,
0820200406, 040997, 004330,  149.4,    4.4,
0820200405, 040997, 004148,  175.5,    4.7,
0830200412, 050797, 005437,    4.4,   12.0,
0830200411, 050797, 005317,   24.3,   12.6,
0830200410, 050797, 005213,   44.2,   16.1,
0830200409, 050797, 005053,   74.2,   12.6,
0830200408, 050797, 004939,   99.9,   13.6,
0830200407, 050797, 004821,  125.5,   10.4,
0830200406, 050797, 004709,  150.3,    7.3,
0830200405, 050797, 004553,  175.3,    6.3,
0840200414, 060497, 005248,    5.0,   12.9,
0840200413, 060497, 005126,   25.3,   16.7,
0840200412, 060497, 005012,   45.1,   10.7,
0840200411, 060497, 004844,   76.0,    9.5,
0840200410, 060497, 004724,   98.4,   13.6,
0840200409, 060497, 004554,  125.1,    9.1,
0840200408, 060497, 004452,  139.0,    7.3,
0840200407, 060497, 004330,  149.9,    5.0,
0840200406, 060497, 004200,  173.6,    4.1,
0850200418, 070997, 012941,    4.8,   17.7,
0850200415, 070997, 012751,   24.0,   15.1,
0850200413, 070997, 012623,   44.8,   12.3,
0850200412, 070997, 012425,   74.7,   11.7,
0850200411, 070997, 012233,   99.8,   10.7,
0850200410, 070997, 012101,  124.5,    5.7,
0850200406, 070997, 011525,  174.5,    3.5,
0860200818, 080397, 015544,    4.8,   15.4,
0860200817, 080397, 015420,   24.6,   14.2,
0860200816, 080397, 015246,   44.1,   14.8,
0860200815, 080397, 015116,   74.5,   12.9,
0860200814, 080397, 014948,   99.9,    9.5,
0860200813, 080397, 014828,  124.4,    7.6,
0860200811, 080397, 014652,  150.1,    4.7,
0860200810, 080397, 014538,  174.9,    4.7,
0870200124, 092597, 061552,    4.4,   15.1,
0870200123, 092597, 061407,   24.3,   14.2,
0870200121, 092597, 061140,   45.4,   14.8,
0870200120, 092597, 060948,   73.6,   10.7,
0870200119, 092597, 060758,  100.2,   10.1,
0870200118, 092597, 060548,  123.5,    9.8,
0870200117, 092597, 060410,  149.2,    6.9,
0870200116, 092597, 060204,  174.9,    4.4,
0880200523, 120597, 141154,    5.5,   16.7,
0880200521, 120597, 140958,   25.9,   14.8,
0880200519, 120597, 140752,   45.3,   12.6,
0880200517, 120597, 140530,   74.9,   15.8,
0880200515, 120597, 140334,   98.6,   14.5,
0880200513, 120597, 140124,  125.9,    8.8,
0880200511, 120597, 135924,  150.2,    6.9,
0880200509, 120597, 135724,  176.0,    4.4,
0890200412, 011198, 005632,    5.3,   12.6,
0890200411, 011198, 005512,   25.1,    8.8,
0890200410, 011198, 005348,   46.0,    8.8,
0890200409, 011198, 005226,   75.2,   13.9,
0890200408, 011198, 005058,  101.3,   12.3,
0890200407, 011198, 004932,  123.8,   11.7,
0890200406, 011198, 004802,  151.3,    4.1,
0890200405, 011198, 004632,  174.5,    3.5,
0900200612, 021998, 085532,    4.6,   14.5,
0900200611, 021998, 085352,   24.5,   13.2,
0900200610, 021998, 085222,   45.4,    9.8,
0900200609, 021998, 085032,   74.2,   12.6,
0900200608, 021998, 084902,  100.0,   12.9,
0900200607, 021998, 084728,  124.1,   12.0,
0900200606, 021998, 084552,  149.3,    5.4,
0900200605, 021998, 084412,  174.6,    5.0,
0910200413, 031898, 010931,    4.9,   14.5,
0910200412, 031898, 010807,   24.7,   12.3,
0910200411, 031898, 010657,   45.5,   16.4,
0910200410, 031898, 010531,   74.5,   13.6,
0910200408, 031898, 010357,  100.2,   11.0,
0910200407, 031898, 010237,  124.7,    7.3,
0910200406, 031898, 010117,  149.4,    7.9,
0910200405, 031898, 005957,  175.0,    4.7,
0920200412, 041598, 010057,    5.3,   12.0,
0920200411, 041598, 005931,   25.0,    8.5,
0920200410, 041598, 005759,   45.4,   11.3,
0920200409, 041598, 005617,   75.0,   10.4,
0920200408, 041598, 005423,   99.1,   10.1,
0920200407, 041598, 005249,  123.1,    6.9,
0920200406, 041598, 005109,  148.9,    3.8,
0920200405, 041598, 004931,  175.1,    2.5,
0930200413, 051398, 005704,    5.3,    7.9,
0930200412, 051398, 005549,   25.3,    7.6,
0930200411, 051398, 005448,   44.5,   12.3,
0930200410, 051398, 005333,   75.4,   12.3,
0930200409, 051398, 005219,  100.1,    9.8,
0930200408, 051398, 005119,  125.2,    8.5,
0930200407, 051398, 005003,  150.8,    6.0,
0930200406, 051398, 004848,  175.9,    5.7,
0940200912, 061898, 015414,    4.8,   12.3,
0940200911, 061898, 015254,   25.0,   11.7,
0940200910, 061898, 015139,   45.4,   13.6,
0940200909, 061898, 015019,   75.2,   13.9,
0940200908, 061898, 014849,  109.7,   11.3,
0940200907, 061898, 014739,  125.0,   12.0,
0940200906, 061898, 014619,  150.1,    6.0,
0940200905, 061898, 014459,  174.6,    4.4,
0950200912, 071698, 015445,    4.4,   15.4,
0950200911, 071698, 015329,   25.2,   13.6,
0950200910, 071698, 015207,   45.4,   15.1,
0950200908, 071698, 014924,   99.5,   12.3,
0950200907, 071698, 014803,  124.9,   11.7,
0950200906, 071698, 014644,  149.6,    5.7,
0950200905, 071698, 014519,  175.4,    4.1,
0950201003, 071698, 044118,   75.6,   12.0,
0960200614, 081098, 170727,    5.6,   16.7,
0960200611, 081098, 170424,   25.2,   18.3,
0960200610, 081098, 170252,   44.7,   18.3,
0960200609, 081098, 170044,   75.1,   10.4,
0960200608, 081098, 165904,  100.1,    8.8,
0960200607, 081098, 165715,  124.7,   11.3,
0960200606, 081098, 165513,  150.2,    6.3,
0960200605, 081098, 165320,  173.6,    6.0,
0970200613, 092898, 165619,    5.7,   13.6,
0970200611, 092898, 165348,   25.1,   13.2,
0970200610, 092898, 165218,   45.0,   13.9,
0970200609, 092898, 165033,   75.6,   16.7,
0970200608, 092898, 164904,  100.5,   12.9,
0970200607, 092898, 164703,  125.0,    8.5,
0970200606, 092898, 164549,  150.5,    4.1,
0970200605, 092898, 164433,  175.4,    4.4,
0980200424, 101998, 020010,    5.7,   16.4,
0980200423, 101998, 015846,   25.6,   14.8,
0980200422, 101998, 015740,   44.9,   13.6,
0980200417, 101998, 015510,   75.5,   15.8,
0980200415, 101998, 015350,  100.3,   14.5,
0980200414, 101998, 015220,  125.0,    8.2,
0980200410, 101998, 014920,  150.0,    8.8,
0980200408, 101998, 014750,  174.7,    6.9,
0990200424, 111198, 010010,    5.9,   14.2,
0990200423, 111198, 005827,   25.3,   14.8,
0990200418, 111198, 005554,   45.6,   15.1,
0990200417, 111198, 005430,   75.8,   13.9,
0990200412, 111198, 005103,  100.5,    9.5,
0990200407, 111198, 004735,  124.9,    9.1,
0990200406, 111198, 004615,  150.6,    5.4,
0990200405, 111198, 004454,  176.0,    3.2,
1000200416, 120998, 025052,    5.5,   14.8,
1000200415, 120998, 024932,   26.1,   11.3,
1000200410, 120998, 024757,   45.5,   12.9,
1000200409, 120998, 024607,   75.9,   18.0,
1000200408, 120998, 024502,  100.6,   10.1,
1000200407, 120998, 024352,  126.2,    7.3,
1000200406, 120998, 024247,  152.3,    2.5,
1000200405, 120998, 024132,  177.7,    3.5,
1010200422, 011399, 035603,    5.3,   18.3,
1010200421, 011399, 035448,   26.0,   15.1,
1010200420, 011399, 035338,   46.6,   13.2,
1010200419, 011399, 035218,   75.8,   14.8,
1010200413, 011399, 035018,  100.3,   12.9,
1010200410, 011399, 034708,  126.0,   12.3,
1010200408, 011399, 034452,  150.6,    9.1,
1010200406, 011399, 034332,  175.0,    4.7,
1020200921, 021899, 235918,    6.4,    9.5,
1020200919, 021899, 235723,   26.2,   11.3,
1020200916, 021899, 235518,   45.7,    9.5,
1020200914, 021899, 235315,   75.7,    7.3,
1020200911, 021899, 234943,  100.8,    9.5,
1020200908, 021899, 234728,  126.3,    9.1,
1020200906, 021899, 234548,  149.8,    5.7,
1020200905, 021899, 234428,  174.9,    3.2,
1030200416, 031799, 015130,    5.8,   17.0,
1030200415, 031799, 014956,   25.9,   14.2,
1030200414, 031799, 014837,   46.4,   11.3,
1030200413, 031799, 014717,   76.0,   17.0,
1030200408, 031799, 014525,   99.5,   16.1,
1030200407, 031799, 014412,  125.8,    8.8,
1030200406, 031799, 014254,  151.1,    8.8,
1030200405, 031799, 014132,  176.6,    5.7,
1040200619, 041499, 035319,    5.6,   14.2,
1040200617, 041499, 035137,   24.2,   12.6,
1040200616, 041499, 035037,   45.1,   13.6,
1040200615, 041499, 034855,   75.7,   15.1,
1040200614, 041499, 034751,  100.9,   13.2,
1040200613, 041499, 034648,  123.9,   11.3,
1040200610, 041499, 034448,  150.2,    6.3,
1040200608, 041499, 034313,  175.4,    7.9,
1050200412, -00009, -00009,    6.5,   13.6,
1050200411, -00009, -00009,   26.3,   13.2,
1050200410, -00009, -00009,   45.7,   12.6,
1050200409, -00009, -00009,   75.5,    9.8,
1050200408, -00009, -00009,  100.9,   14.2,
1050200407, -00009, -00009,  126.0,   11.3,
1050200406, -00009, -00009,  150.8,    6.9,
1050200405, -00009, -00009,  176.0,    4.1,
1060200413, 071499, 015400,    5.0,   14.8,
1060200411, 071499, 015210,   24.9,   13.2,
1060200410, 071499, 015034,   44.8,   16.4,
1060200409, 071499, 014819,   74.7,   19.2,
1060200408, 071499, 014705,   99.9,   16.7,
1060200407, 071499, 014549,  124.8,   14.2,
1060200406, 071499, 014430,  150.3,    9.5,
1060200405, 071499, 014305,  174.7,   10.4,
1070200712, 081499, 020955,    4.7,   12.9,
1070200711, 081499, 020825,   24.9,   12.3,
1070200710, 081499, 020710,   44.4,   18.0,
1070200709, 081499, 020535,   75.4,   15.1,
1070200708, 081499, 020415,  100.3,   13.6,
1070200707, 081499, 020244,  124.8,    8.8,
1070200706, 081499, 020115,  150.4,    6.6,
1070200705, 081499, 015935,  176.9,    5.0,
1080200412, 101599, 024838,    5.1,   15.8,
1080200411, 101599, 024723,   24.9,   16.7,
1080200410, 101599, 024608,   45.0,   13.9,
1080200409, 101599, 024442,   74.5,   14.2,
1080200408, 101599, 024313,  100.3,   12.6,
1080200407, 101599, 024153,  125.4,   10.1,
1080200406, 101599, 024023,  149.8,    5.0,
1080200405, 101599, 023913,  175.0,    4.7,
1090200412, 110999, 005313,    5.1,   15.4,
1090200411, 110999, 005153,   24.6,   15.1,
1090200410, 110999, 005043,   45.0,   13.6,
1090200409, 110999, 004919,   75.2,    9.8,
1090200408, 110999, 004804,  100.7,    9.5,
1090200407, 110999, 004649,  126.0,    6.0,
1090200406, 110999, 004534,  149.8,    5.0,
1090200405, 110999, 004404,  175.1,    4.7,
1100200412, 121599, 015347,    4.6,   11.3,
1100200411, 121599, 015232,   24.7,   13.9,
1100200410, 121599, 015127,   44.7,   11.0,
1100200409, 121599, 015012,   75.4,   10.4,
1100200408, 121599, 014902,  100.0,    6.9,
1100200407, 121599, 014737,  124.5,    6.3,
1100200406, 121599, 014617,  150.1,    1.9,
1100200405, 121599, 014507,  174.4,    1.9,
1110200412, 020300, 004811,    4.9,   13.2,
1110200411, 020300, 004649,   24.9,   13.2,
1110200410, 020300, 004540,   45.8,   11.3,
1110200409, 020300, 004436,   75.0,   13.9,
1110200408, 020300, 004311,  100.1,   12.9,
1110200407, 020300, 004206,  125.3,    9.5,
1110200406, 020300, 004056,  150.0,    4.7,
1110200405, 020300, 003946,  175.4,    4.1,
1120200418, 022900, 221901,    4.5,   14.2,
1120200416, 022900, 221731,   25.5,   15.1,
1120200415, 022900, 221621,   44.6,   14.5,
1120200413, 022900, 221446,   76.2,   15.4,
1120200412, 022900, 221331,   98.8,   11.3,
1120200410, 022900, 221201,  124.2,   10.4,
1120200409, 022900, 221055,  149.8,    7.6,
1120200406, 022900, 220930,  175.3,    5.7,
1130200413, 032900, 015519,    4.7,   13.6,
1130200412, 032900, 015355,   25.1,   15.1,
1130200410, 032900, 015223,   44.7,   14.8,
1130200409, 032900, 015045,   75.3,   13.2,
1130200408, 032900, 014925,   98.8,    9.1,
1130200407, 032900, 014748,  126.0,    6.6,
1130200406, 032900, 014623,  149.8,    5.4,
1130200405, 032900, 014459,  175.2,    4.1,
1140200415, 042600, 015200,    4.8,   14.2,
1140200414, 042600, 015041,   24.7,   14.2,
1140200412, 042600, 014916,   45.0,   15.8,
1140200411, 042600, 014747,   76.0,   13.6,
1140200410, 042600, 014632,   99.8,   11.0,
1140200408, 042600, 014505,  124.3,    7.6,
1140200407, 042600, 014345,  149.8,    5.4,
1140200405, 042600, 014206,  174.8,    4.1,
1150200413, 052400, 015355,    4.7,   11.4,
1150200412, 052400, 015240,   24.3,   11.4,
1150200410, 052400, 015109,   45.5,   11.4,
1150200409, 052400, 014938,   74.1,    8.8,
1150200408, 052400, 014815,   99.0,   10.1,
1150200407, 052400, 014537,  125.3,    5.7,
1150200406, 052400, 014414,  149.1,    3.2,
1150200405, 052400, 014258,  174.0,    3.2,
1160200420, 062000, 224530,   29.6,    9.8,
1160200516, 062100, 014755,    4.9,    9.5,
1160200515, 062100, 014625,   24.6,   15.4,
1160200514, 062100, 014517,   45.0,   18.9,
1160200510, 062100, 014310,   74.9,   12.3,
1160200509, 062100, 014156,  100.2,    7.6,
1160200508, 062100, 014040,  125.4,    5.4,
1160200507, 062100, 013928,  150.6,    2.8,
1160200505, 062100, 013749,  175.3,    2.8,
1170200623, 072600, 105536,    4.5,   20.8,
1170200621, 072600, 105359,   25.4,   23.3,
1170200619, 072600, 105230,   44.0,   16.4,
1170200617, 072600, 105023,   75.2,   14.2,
1170200615, 072600, 104854,  100.0,   13.2,
1170200613, 072600, 104718,  125.2,    8.8,
1170200611, 072600, 104531,  149.1,    5.7,
1170200610, 072600, 104358,  175.0,    5.0,
1180200514, 082300, 005309,    4.3,   17.0,
1180200513, 082300, 005140,   25.3,   11.0,
1180200512, 082300, 005025,   46.1,    6.9,
1180200510, 082300, 004841,   74.3,    7.6,
1180200509, 082300, 004718,   99.5,   12.0,
1180200508, 082300, 004556,  126.2,    8.2,
1180200507, 082300, 004433,  149.5,    4.4,
1180200505, 082300, 004310,  174.4,    3.5,
1190200517, 101800, 041819,    4.7,   17.0,
1190200515, 101800, 041544,   24.8,   11.3,
1190200512, 101800, 041235,   44.6,   11.3,
1190200509, 101800, 040933,   75.3,   12.6,
1190200508, 101800, 040800,   99.7,    8.2,
1190200507, 101800, 040623,  126.9,    5.0,
1190200506, 101800, 040450,  148.9,    4.1,
1190200505, 101800, 040321,  173.8,    2.8,
1200200418, 113000, 010440,    5.1,    7.9,
1200200416, 113000, 010242,   24.0,   15.8,
1200200413, 113000, 010030,   44.7,    9.5,
1200200411, 113000, 005824,   73.7,   10.7,
1200200410, 113000, 005713,   99.5,    7.9,
1200200409, 113000, 005553,  124.0,    4.4,
1200200408, 113000, 005439,  150.1,    6.9,
1200200407, 113000, 005324,  175.2,    3.2,
1200200406, 113000, 005203,  198.8,    3.2,
1210200514, 122000, 005716,    4.3,   15.5,
1210200513, 122000, 005537,   23.9,   12.3,
1210200512, 122000, 005352,   44.4,   13.6,
1210200511, 122000, 005208,   73.9,    9.5,
1210200510, 122000, 005043,   99.1,   11.0,
1210200509, 122000, 004923,  124.4,   10.4,
1210200508, 122000, 004753,  148.9,    3.2,
1210200507, 122000, 004638,  173.2,    4.7,
1210200506, 122000, 004508,  199.2,    4.1,
1210200708, 122000, 063634,  148.6,    6.9,
1220200520, 011701, 042930,    3.9,   10.4,
1220200519, 011701, 042815,   24.3,   10.7,
1220200518, 011701, 042700,   43.5,   12.6,
1220200517, 011701, 041435,   74.5,   12.0,
1220200516, 011701, 041250,   99.4,    7.9,
1220200515, 011701, 041103,  124.2,    9.5,
1220200514, 011701, 040934,  148.9,    9.5,
1220200513, 011701, 040741,  174.7,    6.3,
1220200512, 011701, 040558,  198.5,    4.7,
1230200623, 021501, 150013,    4.9,   14.2,
1230200622, 021501, 145851,   23.9,   11.3,
1230200621, 021501, 145741,   44.9,   13.6,
1230200620, 021501, 145619,   75.2,    8.2,
1230200619, 021501, 145500,   98.5,    7.6,
1230200613, 021501, 145022,  125.8,    6.3,
1230200609, 021501, 144713,  151.1,    4.1,
1230200608, 021501, 144554,  174.4,    2.2,
1230200607, 021501, 144427,  204.7,    2.8,
1240200422, 032101, 131136,    4.4,    9.5,
1240200421, 032101, 131003,   25.2,   12.9,
1240200420, 032101, 130834,   45.5,   17.3,
1240200419, 032101, 130658,   75.4,   12.0,
1240200416, 032101, 130337,   99.8,    9.1,
1240200412, 032101, 125839,  124.9,   12.3,
1240200408, 032101, 125428,  149.9,    8.8,
1240200407, 032101, 125248,  175.7,    5.7,
1240200406, 032101, 125049,  198.9,    3.2,
1250200414, 041801, 005355,    3.5,   14.5,
1250200413, 041801, 005250,   25.1,   12.3,
1250200412, 041801, 005145,   45.1,   10.1,
1250200411, 041801, 005040,   74.8,    9.1,
1250200410, 041801, 004939,   98.9,   12.0,
1250200409, 041801, 004840,  123.2,   10.1,
1250200408, 041801, 004740,  147.9,   10.1,
1250200407, 041801, 004635,  173.4,    7.9,
1250200406, 041801, 004530,  199.1,    5.0,
1260200523, 051701, 040444,    4.5,   20.5,
1260200522, 051701, 040318,   25.4,   17.7,
1260200521, 051701, 040203,   44.0,   16.1,
1260200520, 051701, 040034,   74.4,   14.2,
1260200516, 051701, 035654,   99.4,    7.6,
1260200512, 051701, 035235,  124.6,   10.4,
1260200508, 051701, 034859,  149.7,    5.0,
1260200507, 051701, 034736,  175.1,    4.1,
1260200506, 051701, 034608,  199.7,    2.2,
1270200417, -00009, -00009,    3.5,    6.9,
1270200415, 061401, 010535,   23.9,    9.5,
1270200413, 061401, 010413,   44.0,   12.0,
1270200411, 061401, 010233,   73.9,   11.7,
1270200410, 061401, 010115,  100.0,   11.3,
1270200409, 061401, 005950,  124.0,    7.6,
1270200408, 061401, 005838,  148.0,    2.8,
1270200407, 061401, 005656,  173.3,    3.2,
1270200406, 061401, 005533,  198.8,    2.8,
1280200315, -00009, -00009,    4.4,   12.3,
1280200314, 071101, 005316,   24.3,   14.8,
1280200313, 071101, 005221,   44.2,   16.4,
1280200312, 071101, 005126,   74.1,   12.9,
1280200311, 071101, 005026,   99.0,   15.1,
1280200310, 071101, 004921,  124.4,    8.5,
1280200309, 071101, 004816,  150.3,    3.5,
1280200308, 071101, 004711,  174.0,    5.4,
1280200307, 071101, 004556,  198.6,    3.2,
1290201421, 080901, 034849,    4.0,   20.2,
1290201419, 080901, 034724,   24.1,   20.5,
1290201417, 080901, 034557,   44.6,   13.2,
1290201415, 080901, 034419,   74.3,   15.8,
1290201413, 080901, 034249,   99.4,   15.4,
1290201411, 080901, 034119,  124.4,    7.6,
1290201409, 080901, 033949,  149.2,    6.6,
1290201408, 080901, 033828,  174.4,    3.5,
1290201406, 080901, 033658,  200.5,    3.8,
1300200515, 100201, 035647,    5.1,   19.2,
1300200513, 100201, 035502,   24.4,   17.7,
1300200512, 100201, 035317,   45.0,   20.5,
1300200511, 100201, 035117,   76.3,   18.0,
1300200510, 100201, 034948,  101.1,   15.4,
1300200509, 100201, 034817,  124.8,    9.5,
1300200508, 100201, 034652,  148.2,    6.9,
1300200507, 100201, 034523,  171.8,    5.0,
1300200506, 100201, 034347,  198.7,    4.4,
1310200414, 102301, 005410,    5.7,   21.4,
1310200413, 102301, 005246,   26.4,   23.0,
1310200412, 102301, 005131,   46.5,   24.3,
1310200411, 102301, 005017,   75.2,   19.5,
1310200410, 102301, 004902,   99.8,   14.2,
1310200409, 102301, 004716,  125.8,    9.5,
1310200408, 102301, 004531,  150.1,    6.0,
1310200407, 102301, 004406,  175.4,    3.8,
1310200406, 102301, 004241,  202.9,    2.2,
1320200414, 111701, 005233,    4.1,   21.4,
1320200413, 111701, 005104,   25.8,   22.1,
1320200412, 111701, 004953,   45.2,   20.5,
1320200411, 111701, 004834,   73.6,   16.7,
1320200410, 111701, 004722,  100.7,   11.3,
1320200409, 111701, 004603,  124.0,    8.8,
1320200408, 111701, 004444,  148.9,    6.3,
1320200407, 111701, 004328,  174.7,    5.4,
1320200406, 111701, 004204,  201.8,    5.4,
1330200222, 121501, 092610,    4.3,   14.5,
1330200221, 121501, 092440,   26.1,   14.2,
1330200219, 121501, 092300,   44.6,   14.2,
1330200218, 121501, 092125,   75.7,   14.5,
1330200217, 121501, 091945,   99.7,   13.6,
1330200216, 121501, 091810,  125.7,    5.4,
1330200214, 121501, 091625,  148.8,    5.4,
1330200212, 121501, 091425,  176.3,    4.1,
1330200210, 121501, 091240,  199.4,    3.2,
1340200414, 011602, 005125,    4.5,   11.3,
1340200413, 011602, 005011,   24.7,   15.1,
1340200412, 011602, 004852,   44.0,   16.7,
1340200410, 011602, 004629,   99.4,    8.5,
1340200409, 011602, 004509,  125.3,    9.1,
1340200408, 011602, 004359,  149.9,    5.7,
1340200407, 011602, 004259,  173.8,    5.4,
1340200406, 011602, 004139,  197.4,    4.1,
1350200416, 022102, 005513,    5.4,   14.2,
1350200414, 022102, 005327,   24.8,   11.7,
1350200413, 022102, 005217,   44.2,   12.0,
1350200411, 022102, 005048,   75.2,   12.0,
1350200410, 022102, 004933,  100.7,   12.3,
1350200409, 022102, 004822,  124.6,    9.1,
1350200408, 022102, 004703,  149.9,    6.0,
1350200407, 022102, 004547,  174.0,    4.7,
1350200406, 022102, 004309,  200.3,    3.8,
1360200514, 031302, 004939,    4.1,   12.0,
1360200513, 031302, 004750,   25.4,   13.2,
1360200512, 031302, 004639,   45.2,   13.9,
1360200511, 031302, 004525,   74.5,   11.0,
1360200510, 031302, 004415,   99.4,   11.0,
1360200509, 031302, 004300,  124.3,   10.4,
1360200508, 031302, 004150,  149.6,    7.6,
1360200507, 031302, 004040,  174.0,    5.4,
1360200506, 031302, 003930,  200.4,    3.8,
1370200415, 052102, 010157,    4.6,    6.9,
1370200414, 052102, 010037,   24.7,    9.5,
1370200413, 052102, 005927,   44.4,   12.0,
1370200412, 052102, 005757,   74.3,    8.2,
1370200411, 052102, 005627,   99.9,    9.1,
1370200410, 052102, 005442,  124.2,   10.1,
1370200409, 052102, 005312,  144.6,    6.9,
1370200407, 052102, 005127,  175.6,    4.1,
1370200406, 052102, 004942,  201.6,    3.2,
1380200416, 063002, 001102,    3.8,   11.0,
1380200414, 063002, 000958,   24.1,   10.7,
1380200413, 063002, 000837,   44.9,   12.3,
1380200412, 063002, 000722,   73.6,    8.5,
1380200411, 063002, 000617,   99.6,    6.6,
1380200409, 063002, 000402,  123.9,    4.7,
1380200408, 063002, 000257,  148.9,    3.2,
1380200407, 063002, 000142,  174.0,    5.4,
1380200406, 063002, 000038,  199.9,    2.5,
1390200414, 082802, 012426,    4.2,   12.0,
1390200413, 082802, 012311,   25.7,   12.6,
1390200412, 082802, 012156,   44.1,    8.2,
1390200411, 082802, 012016,   74.7,   11.0,
1390200410, 082802, 011856,  100.0,   10.7,
1390200409, 082802, 011726,  126.0,    8.2,
1390200408, 082802, 011611,  150.1,    3.8,
1390200407, 082802, 011456,  175.4,    3.2,
1390200406, 082802, 011341,  200.5,    4.1,
1400200419, 100702, 005522,    5.5,   12.0,
1400200417, 100702, 005322,   25.2,   13.2,
1400200416, 100702, 005207,   44.9,   10.4,
1400200415, 100702, 005042,   74.7,    8.5,
1400200412, 100702, 004838,   99.1,    7.9,
1400200411, 100702, 004709,  126.1,    5.7,
1400200410, 100702, 004456,  149.8,    4.4,
1400200409, 100702, 004337,  176.0,    1.9,
1400200407, 100702, 004152,  199.6,    4.7,
1410200414, 110402, 005655,    4.5,   14.2,
1410200413, 110402, 005540,   24.9,   18.9,
1410200412, 110402, 005430,   45.1,   16.1,
1410200411, 110402, 005310,   75.2,    9.1,
1410200410, 110402, 005150,   99.9,   10.7,
1410200409, 110402, 005025,  124.5,    6.9,
1410200408, 110402, 004850,  149.7,    6.0,
1410200407, 110402, 004730,  175.3,    3.2,
1410200406, 110402, 004606,  200.1,    3.8,
1420200414, 112502, 012950,    8.8,   12.0,
1420200412, 112502, 012638,   44.2,   13.9,
1420200411, 112502, 012411,   74.5,   12.9,
1420200410, 112502, 012133,   99.3,    7.9,
1420200409, 112502, 011959,  124.1,    5.7,
1420200408, 112502, 011846,  149.7,    3.5,
1420200407, 112502, 011723,  174.0,    3.8,
1420200406, 112502, 011600,  199.3,    3.2,
1430200414, 121902, 005721,    5.6,   11.7,
1430200413, 121902, 005611,   25.4,   12.0,
1430200412, 121902, 005501,   45.5,   13.6,
1430200411, 121902, 005336,   74.8,    9.1,
1430200410, 121902, 005151,  100.6,    9.8,
1430200409, 121902, 005021,  124.5,    9.1,
1430200408, 121902, 004840,  150.0,    6.0,
1430200407, 121902, 004639,  174.8,    5.0,
1430200406, 121902, 004437,  198.5,    4.1,
1440200314, 011703, 010815,    4.4,   12.6,
1440200313, 011703, 010651,   23.2,    9.5,
1440200312, 011703, 010515,   44.7,   10.1,
1440200311, 011703, 010331,   75.8,   15.8,
1440200310, 011703, 010201,   99.4,   14.8,
1440200309, 011703, 010021,  125.4,    9.8,
1440200307, 011703, 005656,  174.9,    3.2,
1440200306, 011703, 005501,  199.3,    4.4,
1440200409, 011703, 034239,  148.8,    4.7,
1450200416, 022603, 010137,    4.8,   14.2,
1450200415, 022603, 010002,   23.6,   24.9,
1450200414, 022603, 005837,   44.7,   12.6,
1450200412, 022603, 005602,   72.8,   13.2,
1450200411, 022603, 005422,   99.3,    8.2,
1450200410, 022603, 005233,  122.3,   13.2,
1450200408, 022603, 004922,  149.2,    9.1,
1450200407, 022603, 004758,  174.5,    6.0,
1450200406, 022603, 004633,  199.0,    4.1,
1460200414, 032903, 012747,   10.9,    9.8,
1460200413, 032903, 012617,   25.8,   10.7,
1460200412, 032903, 012457,   45.0,   14.2,
1460200411, 032903, 012317,   75.8,    5.0,
1460200410, 032903, 012127,  100.2,    9.1,
1460200409, 032903, 011942,  125.7,    6.6,
1460200408, 032903, 011817,  150.8,    6.0,
1460200407, 032903, 011647,  174.8,    2.8,
1460200406, 032903, 011457,  198.9,    2.5,
1470200414, 042403, 010138,    4.8,   11.4,
1470200413, 042403, 005959,   23.7,   11.0,
1470200412, 042403, 005819,   44.0,   13.2,
1470200411, 042403, 005639,   76.4,   11.3,
1470200410, 042403, 005448,   98.3,    9.1,
1470200409, 042403, 005308,  122.0,    8.8,
1470200408, 042403, 005118,  146.8,    4.1,
1470200407, 042403, 004908,  171.9,    3.8,
1470200406, 042403, 004729,  197.6,    1.3,
1480200414, 052103, 005610,    3.9,   12.9,
1480200413, 052103, 005445,   24.4,    8.5,
1480200412, 052103, 005315,   44.8,    9.8,
1480200411, 052103, 005130,   73.4,    6.9,
1480200410, 052103, 004950,  101.3,    7.3,
1480200409, 052103, 004820,  122.7,    8.8,
1480200408, 052103, 004659,  148.1,    6.6,
1480200407, 052103, 004544,  174.1,    3.5,
1480200406, 052103, 004430,  200.1,    3.2,
1490200414, 062003, 005941,    4.2,    9.5,
1490200413, 062003, 005811,   24.4,    8.5,
1490200412, 062003, 005651,   44.8,    9.8,
1490200411, 062003, 005521,   74.8,   12.0,
1490200410, 062003, 005406,  100.5,   11.3,
1490200409, 062003, 005236,  125.4,    9.1,
1490200408, 062003, 005122,  149.4,    6.3,
1490200407, 062003, 005002,  175.0,    4.4,
1490200406, 062003, 004842,  199.4,    3.8,
1500200414, 072003, 005802,    4.2,   15.1,
1500200413, 072003, 005642,   24.2,   17.0,
1500200412, 072003, 005522,   45.3,   22.1,
1500200411, 072003, 005352,   73.3,   15.1,
1500200410, 072003, 005237,   98.0,   10.1,
1500200409, 072003, 005107,  124.2,    7.9,
1500200408, 072003, 004938,  150.0,    6.6,
1500200407, 072003, 004812,  176.9,    4.7,
1500200406, 072003, 004637,  201.8,    3.2,
1510200416, 082103, 005252,    5.3,    6.9,
1510200415, 082103, 005137,   25.8,   13.9,
1510200413, 082103, 004937,   43.4,    8.8,
1510200411, 082103, 004727,   73.4,    7.3,
1510200410, 082103, 004613,   99.8,   20.2,
1510200409, 082103, 004458,  126.8,   12.0,
1510200408, 082103, 004344,  150.8,    4.4,
1510200407, 082103, 004238,  173.1,    5.4,
1510200406, 082103, 004127,  199.3,    4.1,
1520200414, 101503, 010512,    5.3,   14.5,
1520200413, 101503, 010316,   25.9,   14.2,
1520200412, 101503, 010142,   44.6,   15.1,
1520200411, 101503, 010001,   76.5,    7.6,
1520200410, 101503, 005817,  100.8,   10.7,
1520200409, 101503, 005637,  124.8,    6.0,
1520200408, 101503, 005512,  150.9,    6.3,
1520200407, 101503, 005327,  175.9,    5.0,
1520200406, 101503, 005136,  201.5,    4.1,
1530200414, 111003, 005753,    7.7,   14.5,
1530200413, 111003, 005525,   23.9,   11.7,
1530200412, 111003, 005408,   45.6,   15.4,
1530200411, 111003, 005238,   78.5,   13.9,
1530200410, 111003, 005107,   96.8,   11.3,
1530200409, 111003, 004952,  124.3,    7.9,
1530200408, 111003, 004838,  151.5,    6.3,
1530200407, 111003, 004723,  174.2,    4.7,
1530200406, 111003, 004608,  199.7,    4.1,
1540200314, 122003, 014424,    5.5,   12.9,
1540200313, 122003, 014220,   24.2,   10.4,
1540200312, 122003, 013935,   44.1,    9.8,
1540200311, 122003, 013750,   75.2,   11.3,
1540200310, 122003, 013615,   97.7,    6.0,
1540200309, 122003, 013449,  125.9,    6.6,
1540200308, 122003, 013255,  150.5,    5.0,
1540200307, 122003, 013109,  173.9,    4.1,
1540200306, 122003, 012929,  200.5,    3.5,
1550200415, 012204, 005714,    3.9,   10.7,
1550200414, 012204, 005602,   24.0,   10.7,
1550200412, 012204, 005413,   44.1,   11.0,
1550200411, 012204, 005250,   74.5,    8.8,
1550200410, 012204, 005140,   99.3,    9.1,
1550200409, 012204, 005021,  123.9,    6.6,
1550200408, 012204, 004900,  149.9,    4.4,
1550200407, 012204, 004746,  174.7,    4.1,
1550200406, 012204, 004630,  200.6,    2.5,
1560200414, 022504, 005922,    3.9,   11.7,
1560200413, 022504, 005812,   24.5,   10.7,
1560200412, 022504, 005653,   43.9,    7.9,
1560200411, 022504, 005532,   73.1,   17.0,
1560200410, 022504, 005421,   98.9,    8.5,
1560200409, 022504, 005312,  123.8,    6.0,
1560200408, 022504, 005202,  148.7,    5.0,
1560200407, 022504, 005052,  174.6,    3.5,
1560200406, 022504, 004933,  203.6,    2.2,
1570200414, 032004, 010247,    5.6,    8.5,
1570200413, 032004, 005936,   26.1,   12.3,
1570200412, 032004, 005816,   44.4,   10.7,
1570200411, 032004, 005646,   75.4,    9.5,
1570200410, 032004, 005516,   99.2,   13.9,
1570200409, 032004, 005357,  124.8,   11.0,
1570200408, 032004, 005216,  149.6,    9.1,
1570200407, 032004, 005036,  174.4,    6.3,
1570200406, 032004, 004856,  199.0,    3.8,
1580200414, 042104, 010027,    3.9,   14.5,
1580200413, 042104, 005852,   24.1,   14.5,
1580200412, 042104, 005722,   43.8,   12.3,
1580200411, 042104, 005537,   74.2,    9.8,
1580200410, 042104, 005352,   98.8,   14.2,
1580200409, 042104, 005217,  123.7,    8.2,
1580200408, 042104, 005042,  147.6,    5.7,
1580200407, 042104, 004907,  173.9,    3.8,
1580200406, 042104, 004707,  199.3,    4.7,
1590200414, 051904, 005743,    4.3,   12.3,
1590200413, 051904, 005553,   24.0,   12.9,
1590200412, 051904, 005358,   44.7,   14.2,
1590200411, 051904, 005213,   75.0,   16.1,
1590200410, 051904, 005023,   98.9,   12.6,
1590200409, 051904, 004848,  124.4,    8.8,
1590200408, 051904, 004653,  148.4,    4.7,
1590200407, 051904, 004515,  174.3,    4.7,
1590200406, 051904, 004325,  199.1,    4.4,
1600200514, 061604, 005423,    3.7,   16.1,
1600200513, 061604, 005317,   23.9,    8.8,
1600200512, 061604, 005213,   44.0,   10.4,
1600200511, 061604, 005053,   74.7,   12.3,
1600200510, 061604, 004933,   98.4,    8.8,
1600200509, 061604, 004813,  123.7,    8.5,
1600200508, 061604, 004653,  148.5,    6.9,
1600200507, 061604, 004533,  171.4,    5.7,
1600200506, 061604, 004352,  198.4,    3.5,
1610200422, 071404, 015223,    4.8,   14.8,
1610200419, 071404, 015034,   24.8,   15.1,
1610200416, 071404, 014824,   42.7,    5.0,
1610200413, 071404, 014643,   74.9,    5.0,
1610200410, 071404, 014454,   99.9,    3.5,
1610200407, 071404, 014254,  125.5,    4.1,
1610200404, 071404, 014103,  149.4,    7.3,
1610200401, 071404, 013903,  174.5,    3.5,
1620200522, 081604, 005543,    4.8,   13.6,
1620200521, 081604, 005443,   24.0,   17.7,
1620200520, 081604, 005328,   44.7,   15.5,
1620200519, 081604, 005208,   75.1,   17.3,
1620200518, 081604, 005053,   99.6,    9.8,
1620200515, 081604, 004803,  124.1,    6.6,
1620200512, 081604, 004605,  149.0,    2.8,
1620200511, 081604, 004455,  174.3,    2.8,
1620200510, 081604, 004333,  200.3,    2.8,
1630200514, 092904, 005751,    6.3,   10.7,
1630200513, 092904, 005651,   25.9,   11.0,
1630200512, 092904, 005536,   45.9,   14.5,
1630200511, 092904, 005421,   75.5,   13.6,
1630200510, 092904, 005256,  100.1,   10.4,
1630200509, 092904, 005130,  125.1,    8.8,
1630200508, 092904, 005010,  150.4,    3.2,
1630200507, 092904, 004820,  174.4,    2.5,
1630200506, 092904, 004710,  199.5,    2.8,
1640200419, 103104, 010143,    4.0,   15.8,
1640200417, 103104, 010012,   23.4,   10.4,
1640200416, 103104, 005836,   45.3,    8.5,
1640200414, 103104, 005655,   74.9,    7.9,
1640200413, 103104, 005525,   99.3,   13.9,
1640200411, 103104, 005310,  124.0,    4.4,
1640200409, 103104, 005128,  149.5,    3.5,
1640200407, 103104, 004944,  174.6,    2.2,
1640200406, 103104, 004755,  199.8,    2.2,
1650201320, 112904, 010157,    5.2,   10.7,
1650201314, 112904, 005946,   25.1,   14.5,
1650201313, 112904, 005828,   45.2,   11.3,
1650201312, 112904, 005645,   74.6,    6.9,
1650201310, 112904, 005455,   98.9,    6.0,
1650201309, 112904, 005327,  125.1,    5.4,
1650201308, 112904, 005155,  149.3,    2.8,
1650201307, 112904, 005014,  174.8,    3.2,
1650201306, 112904, 004836,  199.5,    7.3,
1660201414, 122204, 010319,    4.1,   10.1,
1660201413, 122204, 010156,   25.3,   14.5,
1660201412, 122204, 010042,   44.1,   10.7,
1660201411, 122204, 005925,   74.0,   13.6,
1660201410, 122204, 005726,   99.8,    8.5,
1660201409, 122204, 005603,  122.9,    5.4,
1660201408, 122204, 005433,  148.3,    4.4,
1660201407, 122204, 005315,  174.8,    2.5,
1660201406, 122204, 005150,  198.8,    2.5,
1670201317, 020305, 011655,    4.8,   10.1,
1670201316, 020305, 011500,   24.9,   10.4,
1670201314, 020305, 011315,   45.1,    8.2,
1670201312, 020305, 011116,   75.0,    9.1,
1670201311, 020305, 010940,  102.8,    7.3,
1670201309, 020305, 010747,  125.9,    3.8,
1670201308, 020305, 010613,  150.7,    4.4,
1670201307, 020305, 010420,  175.2,    2.5,
1670201306, 020305, 010240,  199.1,    2.2,
1680201321, 030605, 010002,    5.1,    6.9,
1680201319, 030605, 005825,   25.5,    6.9,
1680201317, 030605, 005636,   45.4,    7.6,
1680201315, 030605, 005446,   76.8,    5.4,
1680201314, 030605, 005313,   98.9,    6.9,
1680201311, 030605, 005138,  125.0,    4.7,
1680201309, 030605, 004959,  151.0,    2.8,
1680201307, 030605, 004833,  175.4,    2.5,
1680201306, 030605, 004718,  200.5,    2.2,
1690200624, 051805, 132630,   13.0,    7.6,
1690200623, 051805, 132131,   25.1,    6.6,
1690200622, 051805, 131921,   45.4,    9.5,
1690200621, 051805, 131700,   75.5,   10.7,
1690200620, 051805, 131500,   99.5,   10.4,
1690200614, 051805, 131056,  124.5,    5.4,
1690200609, 051805, 130851,  139.6,    4.4,
1690200607, 051805, 130515,  174.4,    6.3,
1690200606, 051805, 130325,  200.0,    2.8,
1700201314, 061605, 040558,    6.2,    9.5,
1700201313, 061605, 040334,   24.5,   10.1,
1700201312, 061605, 040055,   44.4,   13.6,
1700201311, 061605, 035924,   74.9,   19.5,
1700201310, 061605, 035752,  100.2,   13.9,
1700201309, 061605, 035614,  125.1,    8.5,
1700201307, 061605, 035212,  175.1,    2.8,
1700201306, 061605, 035009,  199.8,    3.8,
1710201322, 071705, 220846,    6.4,    8.5,
1710201319, 071705, 220502,   45.0,    8.2,
1710201317, 071705, 220216,   74.7,    9.5,
1710201315, 071705, 220015,  100.1,    6.0,
1710201313, 071705, 215736,  125.6,    6.6,
1710201310, 071705, 215501,  149.7,    4.4,
1710201308, 071705, 215302,  173.1,    2.8,
1710201307, 071705, 215132,  200.4,    4.1,
1720201420, 081505, 040948,   23.3,   11.4,
1720201419, 081505, 040831,   44.3,   13.6,
1720201418, 081505, 040708,   75.4,   11.7,
1720201417, 081505, 040513,   99.1,   10.7,
1720201415, 081505, 040347,  124.5,    6.6,
1720201414, 081505, 040222,  149.3,    7.9,
1720201413, 081505, 040058,  173.8,    5.0,
1720201412, 081505, 035917,  199.5,    3.8,
1730201416, 091105, 033521,    5.9,   14.8,
1730201415, 091105, 033309,   24.8,   10.7,
1730201414, 091105, 033302,   25.0,   10.7,
1730201412, 091105, 033050,   46.3,   14.5,
1730201411, 091105, 032847,   75.8,    9.5,
1730201410, 091105, 032643,   99.0,    6.3,
1730201409, 091105, 032510,  124.0,    4.4,
1730201408, 091105, 032313,  149.5,    3.2,
1730201407, 091105, 032050,  174.9,    5.0,
1730201406, 091105, 031900,  198.9,    2.8,
1740201214, 100905, 073914,    8.0,    9.8,
1740201213, 100905, 073653,   24.9,    7.6,
1740201212, 100905, 073444,   45.9,   10.4,
1740201211, 100905, 073230,   74.3,    9.8,
1740201210, 100905, 073036,   98.2,   13.2,
1740201209, 100905, 072845,  124.0,    6.3,
1740201208, 100905, 072651,  150.1,    6.0,
1740201207, 100905, 072505,  174.6,    3.8,
1740201206, 100905, 072320,  198.6,    3.5,
1750201524, 111305, 034439,    5.0,    9.1,
1750201513, 111305, 034114,   24.2,    8.5,
1750201512, 111305, 033926,   44.1,    7.6,
1750201511, 111305, 033732,   74.7,    6.0,
1750201510, 111305, 033509,  100.0,    7.3,
1750201509, 111305, 033335,  123.8,    6.9,
1750201508, 111305, 033159,  148.3,    2.5,
1750201507, 111305, 033014,  173.0,    3.2,
1750201506, 111305, 032809,  199.4,    2.5,
1760201424, 121405, 032844,    5.2,    7.6,
1760201422, 121405, 032713,   24.0,    8.2,
1760201420, 121405, 032548,   45.1,   10.7,
1760201418, 121405, 032404,   75.8,    6.3,
1760201416, 121405, 032221,  100.4,   10.7,
1760201414, 121405, 032039,  126.0,    3.2,
1760201412, 121405, 031910,  150.2,    5.4,
1760201410, 121405, 031723,  175.5,    2.2,
1760201408, 121405, 031545,  200.9,    5.4,
1770200823, 012606, 035424,    9.1,   10.7,
1770200821, 012606, 035223,   27.3,    7.6,
1770200819, 012606, 035028,   45.8,   12.3,
1770200817, 012606, 034903,   74.2,    8.5,
1770200815, 012606, 034743,   99.6,    7.6,
1770200813, 012606, 034559,  127.0,    3.8,
1770200811, 012606, 034428,  150.2,    2.8,
1770200809, 012606, 034248,  173.5,    3.8,
1770200808, 012606, 034128,  199.4,    2.2,
1780201424, 021606, 041209,    7.6,    7.3,
1780201423, 021606, 041039,   24.7,    6.3,
1780201422, 021606, 040914,   45.9,    7.9,
1780201421, 021606, 040754,   74.0,    4.4,
1780201420, 021606, 040634,   98.9,    5.7,
1780201409, 021606, 040244,  123.2,    3.2,
1780201408, 021606, 040121,  147.5,    2.2,
1780201407, 021606, 035944,  173.9,    1.3,
1780201406, 021606, 035816,  198.4,    1.9,
1790200721, 030906, 220108,    6.5,   10.4,
1790200719, 030906, 215903,   27.5,    9.1,
1790200717, 030906, 215739,   43.5,    8.8,
1790200715, 030906, 215554,   76.9,    5.0,
1790200713, 030906, 215414,   99.7,    4.4,
1790200711, 030906, 215254,  124.9,    3.8,
1790200709, 030906, 215129,  151.0,    4.4,
1790200707, 030906, 215009,  173.4,    1.9,
1790200706, 030906, 214849,  199.3,    2.2,
1800201414, 040306, 035959,    8.5,   10.4,
1800201413, 040306, 035843,   25.0,    8.8,
1800201412, 040306, 035649,   45.2,   11.7,
1800201411, 040306, 035509,   74.6,   17.0,
1800201410, 040306, 035319,  100.3,   14.2,
1800201409, 040306, 035154,  124.6,    8.5,
1800201408, 040306, 035010,  150.4,    5.7,
1800201407, 040306, 034844,  176.0,    6.9,
1800201406, 040306, 034719,  199.0,    5.0,
1810201516, 052806, 040722,    8.3,    9.5,
1810201515, 052806, 040344,   25.5,   11.3,
1810201514, 052806, 040204,   44.7,   12.0,
1810201513, 052806, 035949,   74.6,   10.7,
1810201510, 052806, 035341,   99.9,   13.6,
1810201509, 052806, 035108,  126.2,    5.4,
1810201508, 052806, 034904,  151.1,    3.2,
1810201507, 052806, 034720,  176.3,    4.7,
1810201506, 052806, 034529,  200.5,    2.5,
1820201214, 061506, 040733,    8.3,   10.7,
1820201213, 061506, 040349,   24.7,    5.7,
1820201212, 061506, 040144,   43.8,    7.9,
1820201211, 061506, 035933,   75.8,   12.3,
1820201210, 061506, 035723,  101.4,   10.4,
1820201209, 061506, 035516,  125.3,    6.6,
1820201208, 061506, 035323,  149.4,    4.4,
1820201207, 061506, 035125,  175.3,    4.1,
1820201206, 061506, 034913,  199.4,    2.5,
1830201514, 071406, 040936,    8.4,    9.8,
1830201513, 071406, 040655,   24.7,   11.0,
1830201512, 071406, 040501,   45.0,   12.6,
1830201511, 071406, 040336,   74.8,   11.3,
1830201510, 071406, 040141,  100.0,    8.2,
1830201509, 071406, 035949,  125.0,    9.1,
1830201508, 071406, 035802,  149.7,    6.0,
1830201507, 071406, 035623,  175.5,    3.8,
1830201506, 071406, 035434,  199.6,    4.1,
1840201515, 081006, 041014,    7.3,    9.1,
1840201514, 081006, 040720,   24.7,    9.8,
1840201513, 081006, 040530,   44.5,   15.4,
1840201511, 081006, 040100,   75.0,   20.8,
1840201510, 081006, 035921,   99.7,   10.1,
1840201509, 081006, 035711,  124.7,    8.5,
1840201508, 081006, 035459,  149.6,    5.7,
1840201507, 081006, 035334,  175.1,    4.7,
1840201506, 081006, 035159,  200.6,    3.2,
1850201415, 091706, 035348,    5.3,    9.8,
1850201414, 091706, 035218,   24.9,    8.5,
1850201413, 091706, 035025,   44.8,   10.4,
1850201412, 091706, 034849,   75.0,    9.1,
1850201411, 091706, 034703,  100.3,    6.9,
1850201410, 091706, 034505,  125.3,    4.4,
1850201409, 091706, 034349,  150.4,    2.8,
1850201408, 091706, 034236,  175.5,    2.5,
1850201407, 091706, 034116,  200.7,    2.5,
1860202318, 102206, 041131,    6.2,    9.5,
1860202317, 102206, 040906,   24.6,   10.4,
1860202315, 102206, 040726,   45.4,   12.6,
1860202314, 102206, 040606,   73.9,   10.4,
1860202313, 102206, 040421,  100.3,    5.7,
1860202311, 102206, 040051,  123.5,    5.4,
1860202310, 102206, 035906,  148.6,    3.8,
1860202309, 102206, 035737,  177.5,    2.8,
1860202308, 102206, 035521,  203.0,    2.8,
1870201414, 111006, 041026,    6.5,   11.7,
1870201413, 111006, 040848,   24.8,    8.2,
1870201412, 111006, 040656,   46.0,    5.0,
1870201411, 111006, 040501,   74.6,    7.6,
1870201410, 111006, 040246,   99.5,    5.0,
1870201409, 111006, 040107,  124.4,    3.8,
1870201408, 111006, 035904,  151.1,    2.8,
1870201407, 111006, 035729,  176.0,    2.2,
1870201406, 111006, 035552,  200.7,    1.6,
1880201414, 121106, 041416,    8.3,    7.6,
1880201413, 121106, 041143,   23.3,    7.3,
1880201412, 121106, 041018,   45.6,    5.0,
1880201411, 121106, 040840,   73.5,    4.7,
1880201410, 121106, 040611,  101.3,    3.8,
1880201409, 121106, 040431,  126.2,    5.0,
1880201408, 121106, 040244,  149.9,    2.5,
1880201407, 121106, 040057,  174.7,    2.5,
1880201406, 121106, 035906,  199.4,    2.5,
1890201515, 020807, 040339,    4.9,    5.0,
1890201514, 020807, 040059,   25.8,    7.3,
1890201513, 020807, 035933,   44.4,    6.9,
1890201511, 020807, 035429,   75.5,    6.0,
1890201510, 020807, 035223,  100.0,    8.8,
1890201509, 020807, 035037,  124.5,    5.0,
1890201508, 020807, 034843,  150.6,    2.8,
1890201507, 020807, 034702,  174.3,    2.5,
1890201506, 020807, 034522,  199.9,    1.6,
1900201516, 032207, 035845,    4.9,    5.7,
1900201513, 032207, 035617,   24.7,    8.2,
1900201512, 032207, 035425,   44.8,    9.8,
1900201511, 032207, 035203,   74.7,    2.5,
1900201510, 032207, 035004,  100.4,   13.6,
1900201509, 032207, 034810,  126.8,    7.3,
1900201508, 032207, 034611,  154.8,    4.1,
1900201507, 032207, 034403,  177.8,    4.4,
1900201506, 032207, 034226,  199.0,    4.7,
1910201514, 050607, 040841,    8.4,    3.5,
1910201513, 050607, 040526,   25.7,   10.4,
1910201512, 050607, 040357,   44.0,   10.1,
1910201511, 050607, 040151,   74.2,   16.4,
1910201510, 050607, 040001,  100.8,    6.9,
1910201509, 050607, 035822,  125.1,    8.8,
1910201508, 050607, 035611,  149.2,    6.3,
1910201507, 050607, 035357,  174.8,    5.4,
1910201506, 050607, 035150,  200.7,    3.2,
1930201214, 070907, 040154,    7.0,   14.2,
1930201213, 070907, 035814,   25.4,    9.5,
1930201212, 070907, 035635,   45.5,   17.3,
1930201211, 070907, 035434,   74.9,    9.8,
1930201210, 070907, 035234,  100.0,   12.3,
1930201209, 070907, 035045,  125.0,    6.6,
1930201208, 070907, 034904,  150.0,    3.2,
1930201207, 070907, 034704,  175.4,    3.2,
1930201206, 070907, 034514,  199.8,    2.5,
1940201319, 080507, 040459,    7.5,   12.9,
1940201318, 080507, 040059,   25.0,   12.3,
1940201317, 080507, 035910,   45.0,   11.7,
1940201316, 080507, 035704,   75.2,   13.2,
1940201315, 080507, 035520,   99.8,    8.5,
1940201314, 080507, 035345,  124.4,   10.7,
1940201313, 080507, 035150,  151.5,    7.3,
1940201312, 080507, 035012,  175.8,    4.4,
1940201311, 080507, 034815,  199.5,    3.5,
1950201417, 090407, 040731,    6.3,    6.9,
1950201416, 090407, 040445,   26.0,    7.9,
1950201415, 090407, 040315,   46.1,   16.4,
1950201414, 090407, 040146,   76.4,   10.7,
1950201413, 090407, 040015,  100.0,    6.3,
1950201412, 090407, 035855,  125.2,    8.2,
1950201411, 090407, 035735,  150.8,    4.1,
1950201410, 090407, 035615,  174.7,    4.7,
1950201406, 090407, 035400,  200.9,    3.2,
1960200623, 100307, 040159,    6.4,    9.1,
1960200621, 100307, 035959,   25.0,   10.1,
1960200619, 100307, 035756,   45.1,   15.1,
1960200617, 100307, 035529,   75.2,    7.6,
1960200615, 100307, 035325,  100.5,   11.0,
1960200612, 100307, 035104,  126.6,    5.7,
1960200610, 100307, 034859,  150.4,    7.3,
1960200608, 100307, 034636,  174.6,    2.8,
1960200606, 100307, 034429,  200.2,    0.6,
1970200621, 120207, 061101,    5.8,    8.2,
1970200614, 120207, 060322,   25.3,   12.0,
1970200612, 120207, 055951,   45.5,   10.4,
1970200611, 120207, 055801,   75.6,    5.4,
1970200610, 120207, 055623,  100.6,    7.9,
1970200609, 120207, 055437,  123.7,    2.8,
1970200608, 120207, 055236,  148.8,    3.8,
1970200607, 120207, 055006,  175.5,    1.6,
1970200606, 120207, 054821,  199.8,    2.5,
1980200722, 122107, 035301,    6.3,    7.9,
1980200720, 122107, 034936,   25.3,   10.1,
1980200718, 122107, 034749,   46.0,    5.0,
1980200716, 122107, 034555,   76.0,    3.5,
1980200714, 122107, 034407,  100.4,    6.3,
1980200713, 122107, 034221,  125.4,    4.7,
1980200709, 122107, 034031,  149.5,    4.7,
1980200707, 122107, 033835,  175.4,    3.8,
1980200706, 122107, 033650,  200.2,    4.7,
1990200621, 013008, 044102,    5.9,    6.6,
1990200619, 013008, 043647,   25.0,    9.1,
1990200617, 013008, 043457,   45.1,    6.0,
1990200615, 013008, 043257,   74.4,    6.3,
1990200613, 013008, 043112,  101.4,   11.0,
1990200611, 013008, 042931,  125.0,    8.5,
1990200609, 013008, 042752,  148.3,    2.2,
1990200607, 013008, 042552,  174.2,    2.2,
2000200624, 022408, 041747,    7.3,   13.9,
2000200623, 022408, 041437,   26.0,    7.6,
2000200622, 022408, 041308,   45.5,    7.9,
2000200621, 022408, 041101,   75.9,    4.1,
2000200620, 022408, 040937,   99.0,    7.9,
2000200614, 022408, 040707,  124.7,    4.7,
2000200613, 022408, 040541,  150.4,    4.7,
2000200612, 022408, 040407,  176.0,    1.6,
2000200606, 022408, 040153,  200.0,    2.2,
2010200624, 052808, 035944,    7.0,    9.5,
2010200623, 052808, 035709,   25.8,   12.6,
2010200622, 052808, 035548,   45.8,   10.7,
2010200621, 052808, 035424,   75.4,    9.8,
2010200620, 052808, 035304,  100.3,    8.8,
2010200614, 052808, 035050,  125.3,    6.3,
2010200613, 052808, 034924,  149.7,    3.5,
2010200612, 052808, 034755,  175.0,    1.9,
2010200606, 052808, 034541,  199.6,    2.5,
2020200622, 062608, 040729,    6.3,   11.0,
2020200620, 062608, 040431,   25.2,    6.3,
2020200618, 062608, 040127,   44.7,    6.0,
2020200616, 062608, 035853,   74.7,    8.5,
2020200614, 062608, 035632,  100.3,   12.0,
2020200612, 062608, 035426,  125.1,    8.2,
2020200608, 062608, 035142,  149.6,    3.8,
2020200607, 062608, 034943,  175.4,    2.8,
2020200606, 062608, 034755,  200.4,    3.5,
2030200724, 072708, 041400,    5.9,    7.3,
2030200723, 072708, 041100,   25.1,   11.0,
2030200720, 072708, 040850,   45.0,   19.5,
2030200717, 072708, 040620,   75.0,   12.6,
2030200714, 072708, 040400,   99.8,    7.6,
2030200711, 072708, 040145,  125.1,    6.3,
2030200708, 072708, 035920,  149.5,    3.2,
2030200707, 072708, 035720,  174.6,    3.2,
2030200706, 072708, 035530,  199.5,    2.8,
2040200624, 081708, 040506,    7.8,   12.0,
2040200623, 081708, 040252,   24.6,   11.4,
2040200620, 081708, 040112,   45.0,   11.7,
2040200617, 081708, 035922,   75.1,   10.7,
2040200614, 081708, 035749,  100.8,    7.6,
2040200611, 081708, 035622,  123.4,    4.7,
2040200608, 081708, 035433,  149.2,    4.4,
2040200607, 081708, 035254,  174.9,    2.5,
2040200606, 081708, 035052,  199.7,    3.5,
2050200618, 101108, 034511,    6.7,   17.3,
2050200615, 101108, 034153,   25.7,   19.5,
2050200614, 101108, 034011,   44.3,   16.1,
2050200613, 101108, 033823,   75.2,   11.7,
2050200612, 101108, 033632,  100.8,    8.5,
2050200611, 101108, 033423,  123.9,    4.7,
2050200610, 101108, 033238,  149.5,    7.3,
2050200609, 101108, 033053,  174.4,    3.8,
2050200608, 101108, 032823,  199.8,    2.2,
2060200618, 120108, 070011,    8.2,   13.9,
2060200617, 120108, 065648,   24.8,   11.0,
2060200616, 120108, 065454,   45.6,   12.9,
2060200615, 120108, 065254,   75.3,   10.7,
2060200614, 120108, 065114,  100.2,    8.5,
2060200611, 120108, 064756,  124.5,    4.7,
2060200610, 120108, 064610,  148.9,    3.5,
2060200609, 120108, 064419,  173.7,    1.9,
2060200608, 120108, 064223,  200.7,    3.5,
2080200522, 012109, 021732,    7.5,    6.0,
2080200520, 012109, 021224,   25.2,    7.3,
2080200518, 012109, 021018,   44.9,    8.8,
2080200516, 012109, 020713,   76.2,    8.5,
2080200514, 012109, 020444,  100.4,    5.4,
2080200512, 012109, 020213,  124.4,    4.7,
2080200508, 012109, 015724,  174.8,    2.5,
2080200620, 012109, 073934,  199.6,    1.9,
2090200614, 021809, 043823,    8.5,    8.5,
2090200613, 021809, 043552,   24.7,    7.6,
2090200612, 021809, 043318,   43.7,    7.3,
2090200611, 021809, 043122,   75.3,    6.9,
2090200610, 021809, 042932,  100.7,    6.6,
2090200609, 021809, 042753,  123.2,    4.4,
2090200608, 021809, 042553,  147.9,    3.8,
2090200607, 021809, 042355,  173.9,    2.8,
2090200606, 021809, 042204,  199.7,    2.5,
2100200614, 042909, 044223,    4.3,   17.0,
2100200613, 042909, 044026,   23.9,   12.0,
2100200612, 042909, 043855,   45.4,   10.4,
2100200611, 042909, 043715,   74.9,    7.3,
2100200610, 042909, 043510,  100.1,    8.2,
2100200609, 042909, 043335,  126.4,    6.6,
2100200608, 042909, 043139,  150.7,    5.0,
2100200607, 042909, 043006,  175.0,    4.4,
2100200606, 042909, 042832,  200.9,    3.8,
2110200620, 052809, 040845,    5.4,    9.1,
2110200619, 052809, 040649,   25.0,   10.1,
2110200617, 052809, 040502,   45.1,    8.5,
2110200616, 052809, 040114,   75.6,    7.9,
2110200615, 052809, 035829,  100.1,    7.9,
2110200614, 052809, 035630,  125.4,    6.6,
2110200613, 052809, 035400,  150.2,    5.7,
2110200612, 052809, 035200,  174.6,    5.4,
2110200611, 052809, 034920,  201.4,    5.4,
2120200622, 070409, 031855,   25.7,    9.8,
2120200621, 070409, 031845,   25.7,   12.3,
2120200619, 070409, 031420,   74.9,   15.8,
2120200618, 070409, 031006,   99.5,   10.1,
2120200617, 070409, 030955,   99.5,   10.7,
2120200616, 070409, 030756,  123.8,    7.6,
2120200614, 070409, 030530,  148.7,    6.6,
2120200612, 070409, 030232,  175.3,    5.0,
2120200610, 070409, 025940,  200.2,    4.1,
2130200620, 072509, 161349,   15.9,   11.7,
2130200617, 072509, 161329,   15.8,    9.8,
2130200614, 072509, 161310,   16.0,   15.4,
2130200613, 072509, 161112,   25.0,   15.1,
2130200612, 072509, 160927,   46.3,   20.5,
2130200609, 072509, 160457,  125.0,    9.5,
2130200608, 072509, 160337,  150.1,    7.3,
2130200607, 072509, 160207,  174.9,    4.4,
2130200606, 072509, 160022,  199.6,    3.5,
2130200724, 072509, 185855,    8.1,   12.0,
2130200717, 072509, 185609,   25.7,   10.1,
2130200714, 072509, 185306,   44.0,   15.4,
2130200713, 072509, 185127,   74.5,   15.1,
2130200712, 072509, 184956,  100.3,   20.8,
2130200711, 072509, 184817,  124.9,    9.8,
2130200708, 072509, 184536,  149.6,    7.3,
2130200707, 072509, 184407,  174.1,    4.4,
2130200706, 072509, 184242,  199.5,    3.5,
2140200623, 081909, 051957,    7.6,   13.9,
2140200618, 081909, 051724,   27.7,   11.0,
2140200615, 081909, 051457,   44.6,   12.0,
2140200614, 081909, 051133,   75.5,   23.6,
2140200613, 081909, 050931,  100.0,   12.9,
2140200612, 081909, 050736,  126.0,    8.2,
2140200608, 081909, 050128,  175.5,    5.7,
2140200606, 081909, 045700,  200.5,    3.8,
2150200721, 092509, 040626,    4.9,    4.7,
2150200716, 092509, 040406,   25.2,    6.9,
2150200713, 092509, 040211,   46.1,    1.6,
2150200712, 092509, 035957,   75.9,    4.4,
2150200710, 092509, 035553,  126.0,    3.5,
2150200708, 092509, 035326,  150.4,    2.2,
2150200707, 092509, 035136,  174.4,    0.6,
2150200706, 092509, 034951,  200.2,    1.9,
2160200620, 110409, 041334,    4.9,    8.2,
2160200619, 110409, 041158,   24.8,    8.2,
2160200614, 110409, 040823,   74.6,    8.2,
2160200612, 110409, 040643,  101.4,    7.9,
2160200610, 110409, 040458,  123.3,    5.4,
2160200609, 110409, 040248,  151.1,    3.5,
2160200608, 110409, 040049,  174.5,   11.3,
2160200606, 110409, 035858,  200.9,    1.3,
2170200714, 121009, 033304,    4.9,    6.9,
2170200713, 121009, 033144,   24.1,    6.6,
2170200712, 121009, 033034,   44.6,    4.7,
2170200711, 121009, 032914,   73.8,    4.7,
2170200710, 121009, 032754,   98.8,    2.2,
2170200709, 121009, 032639,  124.0,    2.8,
2170200707, 121009, 032340,  175.4,    2.2,
2170200706, 121009, 032215,  199.8,    1.6,
2190200423, 031010, 041133,    4.9,   10.4,
2190200421, 031010, 040913,   25.3,    8.2,
2190200418, 031010, 040733,   46.3,    5.4,
2190200413, 031010, 040313,  104.8,    6.6,
2190200410, 031010, 040113,  126.7,    5.0,
2190200409, 031010, 035923,  149.4,    2.2,
2190200408, 031010, 035754,  170.6,   15.8,
2190200406, 031010, 035623,  199.3,   25.5,
2200200614, 040710, 035314,    5.6,    9.8,
2200200613, 040710, 035204,   23.8,   10.4,
2200200612, 040710, 035101,   44.3,    9.8,
2200200611, 040710, 034914,   75.6,    6.6,
2200200610, 040710, 034759,  101.6,    6.9,
2200200609, 040710, 034649,  124.8,    3.8,
2200200608, 040710, 034534,  149.4,    2.5,
2200200607, 040710, 034411,  174.3,    2.2,
2200200606, 040710, 034255,  198.9,    2.5,
2210200714, 051910, 035425,    5.2,   12.6,
2210200713, 051910, 035255,   24.6,   11.0,
2210200712, 051910, 035105,   44.7,    9.5,
2210200711, 051910, 034935,   75.1,    8.5,
2210200710, 051910, 034825,   99.9,    6.3,
2210200709, 051910, 034701,  127.7,    7.2,
2210200708, 051910, 034535,  149.6,    5.7,
2210200707, 051910, 034420,  174.1,    2.2,
2210200706, 051910, 034257,  202.1,    2.8,
2220200714, 060910, 035635,    4.8,   12.0,
2220200713, 060910, 035516,   25.2,   13.2,
2220200712, 060910, 035255,   44.8,   10.7,
2220200711, 060910, 035118,   76.1,   10.1,
2220200710, 060910, 034950,  102.7,    8.2,
2220200709, 060910, 034827,  124.5,   10.4,
2220200708, 060910, 034713,  148.2,    3.8,
2220200707, 060910, 034545,  178.5,    2.5,
2220200706, 060910, 034415,  202.6,    2.5,
2230200720, 070910, 052149,    5.6,   11.0,
2230200718, 070910, 051848,   25.5,    8.8,
2230200717, 070910, 051639,   46.2,    8.8,
2230200714, 070910, 051214,   75.8,   11.0,
2230200712, 070910, 050924,  100.8,    8.2,
2230200711, 070910, 050725,  125.5,   10.7,
2230200709, 070910, 050429,  149.5,    3.5,
2230200708, 070910, 050205,  175.0,    2.2,
2230200706, 070910, 045919,  200.8,    0.6,
2240200714, 080810, 040130,    7.2,    8.5,
2240200713, 080810, 035809,   25.6,    9.8,
2240200712, 080810, 035632,   45.7,   11.7,
2240200711, 080810, 035443,   74.5,    8.5,
2240200710, 080810, 035306,  100.5,    9.8,
2240200709, 080810, 035133,  125.7,    6.0,
2240200708, 080810, 034957,  150.6,    3.5,
2240200707, 080810, 034832,  175.3,    4.1,
2240200706, 080810, 034656,  200.1,    1.9,
2250200716, 090410, 081138,    6.6,    6.0,
2250200715, 090410, 080848,   25.6,   10.1,
2250200714, 090410, 080649,   45.3,    6.9,
2250200713, 090410, 080438,   75.3,    8.2,
2250200712, 090410, 080242,  100.9,    7.3,
2250200711, 090410, 080027,  125.4,    5.7,
2250200710, 090410, 075817,  151.4,    2.8,
2250200709, 090410, 075528,  175.7,    3.2,
2250200707, 090410, 075322,  200.6,    2.8,
2260200720, 100410, 035222,    5.5,    9.5,
2260200719, 100410, 035051,   25.3,    5.7,
2260200717, 100410, 034922,   43.8,    6.0,
2260200716, 100410, 034746,   75.5,    3.8,
2260200714, 100410, 034607,  100.9,    4.1,
2260200713, 100410, 034441,  124.9,    3.2,
2260200712, 100410, 034312,  149.1,    2.8,
2260200711, 100410, 034147,  173.8,    0.9,
2260200709, 100410, 034006,  200.8,    0.6,
2270200724, 112210, 020424,    4.8,    2.8,
2270200723, 112210, 020325,   24.9,    6.3,
2270200721, 112210, 020217,   43.9,    6.6,
2270200720, 112210, 020048,   74.4,    7.6,
2270200719, 112210, 015938,  100.3,    2.2,
2270200718, 112210, 015818,  124.6,    3.2,
2270200716, 112210, 015701,  150.6,    2.8,
2270200714, 112210, 015554,  174.7,    1.6,
2270200712, 112210, 015443,  200.0,    0.9,
2290200615, 012911, 040422,    5.6,    8.5,
2290200614, 012911, 040122,   25.4,    7.6,
2290200613, 012911, 035932,   45.1,    7.6,
2290200612, 012911, 035732,   75.2,    6.0,
2290200610, 012911, 035432,   99.5,    9.5,
2290200609, 012911, 035232,  125.1,    3.5,
2290200608, 012911, 035047,  150.3,    3.2,
2290200607, 012911, 034852,  175.4,    4.7,
2290200606, 012911, 034652,  199.5,    1.9,
2300200618, 030111, 035412,    7.5,    5.0,
2300200617, 030111, 035152,   24.3,    6.9,
2300200615, 030111, 035025,   45.1,    7.2,
2300200614, 030111, 034900,   75.1,    6.9,
2300200612, 030111, 034715,  100.1,    4.4,
2300200609, 030111, 034450,  124.6,    4.7,
2300200608, 030111, 034315,  148.7,    3.2,
2300200607, 030111, 034140,  175.6,    1.9,
2300200606, 030111, 034006,  200.8,    1.9,
2310200522, 041211, 054514,    8.6,    9.1,
2310200521, 041211, 054257,   25.0,    8.5,
2310200519, 041211, 054107,   44.6,   10.4,
2310200518, 041211, 053912,   75.1,    6.9,
2310200517, 041211, 053707,   99.8,    7.3,
2310200516, 041211, 053517,  126.5,    6.6,
2310200514, 041211, 053323,  151.5,    3.2,
2310200512, 041211, 053117,  175.5,    6.6,
2310200510, 041211, 052912,  199.3,    0.9,
2320200614, 051011, 035222,    6.1,    8.5,
2320200613, 051011, 035111,   25.3,   11.0,
2320200612, 051011, 035006,   44.9,    7.6,
2320200611, 051011, 034852,   73.9,    8.2,
2320200610, 051011, 034727,  100.0,    6.9,
2320200609, 051011, 034616,  124.1,    5.0,
2320200608, 051011, 034457,  149.7,    3.2,
2320200607, 051011, 034347,  174.7,    2.5,
2320200606, 051011, 034232,  200.0,    3.8,
2330200823, 072011, 075226,    4.1,    8.5,
2330200821, 072011, 075031,   24.9,    6.9,
2330200819, 072011, 074821,   44.1,    8.5,
2330200817, 072011, 074556,   74.4,   16.7,
2330200815, 072011, 074345,   98.9,   10.4,
2330200813, 072011, 074141,  124.5,   10.1,
2330200810, 072011, 073931,  149.3,    7.6,
2330200808, 072011, 073706,  174.5,    4.1,
2330200807, 072011, 073511,  199.1,    1.6,
2340201221, 090111, 012333,    6.1,   21.8,
2340201219, 090111, 012053,   24.6,   15.8,
2340201217, 090111, 011858,   44.3,   17.0,
2340201215, 090111, 011703,   74.7,   11.3,
2340201213, 090111, 011518,   99.7,   12.0,
2340201211, 090111, 011338,  124.1,    4.4,
2340201209, 090111, 011202,  148.9,    3.8,
2340201207, 090111, 011012,  174.0,    2.8,
2340201206, 090111, 010828,  199.7,    2.2,
2350200822, 092711, 191314,    6.5,   13.2,
2350200819, 092711, 191124,   26.7,   14.5,
2350200817, 092711, 190940,   44.9,   14.5,
2350200815, 092711, 190739,   75.0,   14.2,
2350200813, 092711, 190554,   98.8,   13.6,
2350200811, 092711, 190350,  125.0,    6.6,
2350200809, 092711, 190153,  149.8,    4.7,
2350200807, 092711, 185723,  175.1,    3.2,
2350200806, 092711, 185539,  200.3,    2.5,
2360200621, 110511, 065107,    4.8,   18.3,
2360200619, 110511, 064957,   24.4,   14.2,
2360200617, 110511, 064852,   44.3,   17.0,
2360200615, 110511, 064738,   76.2,   16.1,
2360200613, 110511, 064627,   99.6,    8.5,
2360200611, 110511, 064517,  124.3,    6.9,
2360200610, 110511, 064413,  149.0,    6.6,
2360200607, 110511, 064257,  173.5,    4.4,
2360200606, 110511, 064142,  199.8,    6.3,
2370200321, 112911, 055859,    4.9,   17.7,
2370200319, 112911, 055733,   25.8,   16.1,
2370200315, 112911, 055434,   76.3,   16.4,
2370200313, 112911, 055302,  100.4,   16.4,
2370200311, 112911, 055131,  124.4,   22.7,
2370200309, 112911, 055008,  152.2,    6.3,
2370200307, 112911, 054832,  174.2,    6.0,
2370200306, 112911, 054659,  195.0,    6.0,
2380200522, 122011, 032354,    4.7,   16.4,
2380200521, 122011, 032142,   24.2,   15.1,
2380200520, 122011, 032008,   45.0,   16.1,
2380200519, 122011, 031807,   74.8,   13.9,
2380200518, 122011, 031608,  101.5,   15.4,
2380200517, 122011, 031428,  123.9,   11.0,
2380200515, 122011, 031228,  149.5,    4.7,
2380200514, 122011, 031028,  174.5,    4.4,
2380200512, 122011, 030837,  200.2,    3.2,
2390200614, 011912, 032601,    5.3,   16.1,
2390200613, 011912, 032441,   24.5,   10.4,
2390200612, 011912, 032331,   45.3,   15.4,
2390200611, 011912, 032215,   73.4,   14.5,
2390200610, 011912, 032055,   99.8,   12.9,
2390200609, 011912, 031936,  126.3,   10.7,
2390200608, 011912, 031811,  149.2,    6.0,
2390200607, 011912, 031650,  175.7,    4.4,
2390200606, 011912, 031515,  202.2,    3.2,
2400200617, 032612, 010931,    5.5,   14.5,
2400200615, 032612, 010511,   25.1,   13.6,
2400200614, 032612, 010337,   45.4,   15.4,
2400200613, 032612, 010146,   75.4,   14.2,
2400200612, 032612, 010023,   99.3,   12.9,
2400200611, 032612, 005842,  124.3,    7.6,
2400200610, 032612, 005706,  150.1,    1.6,
2400200609, 032612, 005536,  174.3,    1.6,
2400200608, 032612, 005412,  200.0,    0.6,
2410200514, 050212, 041645,    5.1,   14.8,
2410200513, 050212, 041509,   25.1,   14.2,
2410200512, 050212, 041345,   46.1,   18.9,
2410200511, 050212, 041200,   76.1,   14.2,
2410200509, 050212, 040845,  125.1,   12.0,
2410200508, 050212, 040705,  149.8,    7.6,
2410200507, 050212, 040525,  176.5,    6.0,
2410200506, 050212, 040340,  201.3,    4.4,
2420200521, 053112, 042102,    5.5,   14.2,
2420200519, 053112, 041917,   25.4,   16.1,
2420200517, 053112, 041747,   44.5,   17.0,
2420200515, 053112, 041557,   74.6,   15.4,
2420200513, 053112, 041402,  100.6,   17.0,
2420200511, 053112, 041228,  125.2,   11.3,
2420200509, 053112, 041037,  150.8,   10.1,
2420200507, 053112, 040857,  175.9,    7.3,
2420200506, 053112, 040722,  201.0,    4.4,
2430200521, 062712, 072827,    5.7,    8.2,
2430200519, 062712, 072524,   25.6,   16.4,
2430200517, 062712, 072304,   44.5,   19.2,
2430200515, 062712, 072058,   73.8,   11.7,
2430200513, 062712, 071900,  100.5,   14.2,
2430200511, 062712, 071729,  125.3,   13.6,
2430200509, 062712, 071548,  148.5,    7.3,
2430200507, 062712, 071403,  175.0,    5.7,
2430200506, 062712, 071236,  199.5,    5.4,
2440200614, 080112, 040246,   10.4,   15.1,
2440200613, 080112, 040112,   25.7,   15.4,
2440200612, 080112, 035947,   45.6,   16.7,
2440200611, 080112, 035807,   75.3,   18.9,
2440200610, 080112, 035617,  100.4,   17.0,
2440200609, 080112, 035452,  125.4,   12.9,
2440200608, 080112, 035312,  150.0,    9.5,
2440200607, 080112, 035132,  175.0,    7.3,
2440200606, 080112, 034942,  200.3,    6.0,
2450200514, 081812, 040104,    5.4,   16.7,
2450200513, 081812, 035915,   25.4,   17.7,
2450200512, 081812, 035740,   45.2,   20.2,
2450200511, 081812, 035600,   75.4,   18.6,
2450200510, 081812, 035404,  100.1,   13.2,
2450200509, 081812, 035230,  125.0,   14.5,
2450200508, 081812, 035110,  150.5,   11.3,
2450200507, 081812, 034935,  175.2,    7.9,
2450200506, 081812, 034810,  200.8,    5.7,
2460200515, 091512, 040732,   25.2,   15.4,
2460200514, 091512, 040540,   45.3,   15.1,
2460200513, 091512, 040324,   74.9,   17.3,
2460200512, 091512, 040133,  100.3,   12.9,
2460200509, 091512, 035901,  125.4,   11.0,
2460200508, 091512, 035711,  150.5,    8.5,
2460200507, 091512, 035532,  175.5,    6.9,
2460200506, 091512, 035336,  200.4,    5.7,
2470200522, 100812, 041231,    5.3,   17.0,
2470200520, 100812, 041032,   25.4,   16.1,
2470200518, 100812, 040907,   45.6,   16.1,
2470200516, 100812, 040717,   74.7,   17.7,
2470200514, 100812, 040543,  100.3,   13.2,
2470200512, 100812, 040407,  124.4,    9.1,
2470200510, 100812, 040233,  149.6,    6.0,
2470200508, 100812, 040053,  174.6,    5.4,
2470200507, 100812, 035938,  200.2,    4.7,
2480200524, 120412, 062021,    6.9,   14.8,
2480200516, 120412, 061741,   25.6,   14.8,
2480200515, 120412, 061617,   43.3,   13.2,
2480200514, 120412, 061432,   76.3,   14.8,
2480200513, 120412, 061311,  100.1,   13.2,
2480200512, 120412, 061141,  124.8,    9.8,
2480200508, 120412, 060931,  150.2,    7.3,
2480200507, 120412, 060747,  176.6,    5.7,
2480200506, 120412, 060631,  200.6,    5.0,
2490200517, 021313, 041249,    7.7,   16.1,
2490200515, 021313, 040929,   24.7,   16.1,
2490200514, 021313, 040749,   44.6,   16.7,
2490200513, 021313, 040549,   74.3,   13.6,
2490200512, 021313, 040359,  100.7,   12.6,
2490200511, 021313, 040208,  125.4,   12.0,
2490200509, 021313, 035929,  150.8,    8.5,
2490200508, 021313, 035739,  176.3,    6.0,
2490200507, 021313, 035559,  200.5,    5.0,
2500200615, 030713, 035958,    6.0,   15.8,
2500200614, 030713, 035738,   26.1,   14.5,
2500200613, 030713, 035608,   45.5,   14.5,
2500200612, 030713, 035419,   74.8,   15.4,
2500200611, 030713, 035238,  100.2,   11.3,
2500200610, 030713, 035058,  126.1,   10.4,
2500200609, 030713, 034918,  150.8,    8.8,
2500200608, 030713, 034738,  175.9,    6.0,
2500200607, 030713, 034608,  200.1,    5.4,
2510200522, 040613, 040246,    5.3,   14.8,
2510200521, 040613, 040116,   25.9,   16.4,
2510200519, 040613, 035926,   45.8,   14.5,
2510200518, 040613, 035726,   75.7,   14.5,
2510200517, 040613, 035536,  101.0,   12.9,
2510200516, 040613, 035336,  125.5,   10.7,
2510200514, 040613, 035126,  150.9,    7.6,
2510200512, 040613, 034926,  175.8,    7.2,
2510200510, 040613, 034715,  200.2,    5.0,
2520200624, 051813, 040340,    7.1,   14.5,
2520200617, 051813, 040029,   25.3,   12.9,
2520200616, 051813, 035909,   46.0,   15.1,
2520200615, 051813, 035800,   74.6,   15.1,
2520200614, 051813, 035649,  100.8,   13.6,
2520200613, 051813, 035539,  124.9,   10.4,
2520200612, 051813, 035429,  149.2,    8.5,
2520200611, 051813, 035319,  174.7,    6.9,
2520200610, 051813, 035139,  200.8,    6.0,
2530200622, 062613, 040758,    6.9,   15.8,
2530200621, 062613, 040508,   25.5,   14.2,
2530200620, 062613, 040348,   45.5,   14.8,
2530200619, 062613, 040218,   74.6,   17.3,
2530200618, 062613, 040058,  100.5,   16.4,
2530200617, 062613, 035908,  125.7,   14.5,
2530200616, 062613, 035738,  149.9,   12.0,
2530200615, 062613, 035608,  176.3,    6.9,
2530200614, 062613, 035418,  200.7,    5.7,
2540200514, 091213, 040643,    7.3,   12.3,
2540200513, 091213, 040423,   25.6,   16.4,
2540200512, 091213, 040318,   45.9,   11.3,
2540200511, 091213, 040154,   74.9,   16.4,
2540200510, 091213, 040023,  100.4,   12.3,
2540200508, 091213, 035703,  149.2,    6.0,
2540200507, 091213, 035529,  176.2,    4.7,
2550200522, 100213, 041733,    7.0,   19.9,
2550200521, 100213, 041533,   24.9,   18.6,
2550200520, 100213, 041413,   44.9,   16.7,
2550200519, 100213, 041242,   75.0,   16.4,
2550200518, 100213, 041122,  101.6,   12.3,
2550200517, 100213, 040952,  126.2,    8.5,
2550200516, 100213, 040832,  150.2,    5.0,
2550200515, 100213, 040723,  174.5,    4.7,
2550200514, 100213, 040552,  200.6,    4.4,
2560200522, 102813, 040526,    7.0,   17.3,
2560200521, 102813, 040336,   25.7,   16.1,
2560200520, 102813, 040206,   45.2,   15.4,
2560200519, 102813, 040026,   75.8,   17.0,
2560200518, 102813, 035846,  100.0,   11.3,
2560200517, 102813, 035706,  125.5,    8.8,
2560200516, 102813, 035516,  150.2,    6.3,
2560200515, 102813, 035346,  175.2,    5.0,
2560200514, 102813, 035206,  200.1,    4.1,
2570200516, 112713, 032757,    5.9,   16.1,
2570200514, 112713, 032538,   25.2,   15.4,
2570200512, 112713, 032337,   44.9,   16.4,
2570200511, 112713, 032207,   75.1,   14.2,
2570200510, 112713, 032047,  100.9,    8.5,
2570200509, 112713, 031918,  125.1,    6.6,
2570200508, 112713, 031807,  149.8,    5.7,
2570200507, 112713, 031648,  175.8,    5.0,
2570200506, 112713, 031528,  199.5,    3.5,
2580200514, 122113, 040230,    7.7,   12.0,
2580200513, 122113, 040040,   25.0,   14.2,
2580200512, 122113, 035920,   44.7,   14.8,
2580200511, 122113, 035750,   75.3,   13.2,
2580200510, 122113, 035620,  101.4,   12.9,
2580200509, 122113, 035450,  125.3,    7.3,
2580200508, 122113, 035325,  150.6,    5.7,
2580200507, 122113, 035149,  176.1,    4.4,
2590200520, 011614, 035613,    6.5,   12.9,
2590200517, 011614, 035353,   25.2,   12.6,
2590200516, 011614, 035233,   45.7,   12.3,
2590200512, 011614, 034903,  100.5,    8.8,
2590200511, 011614, 034733,  124.9,   10.7,
2590200508, 011614, 034533,  150.3,    6.0,
2590200507, 011614, 034403,  175.3,    4.7,
2590200506, 011614, 034213,  200.5,    4.1,
2600200514, 021514, 042708,    5.6,   13.2,
2600200513, 021514, 042432,   25.2,   13.2,
2600200512, 021514, 042247,   49.0,   13.2,
2600200511, 021514, 042047,   76.3,   14.5,
2600200510, 021514, 041902,  101.8,   11.7,
2600200509, 021514, 041717,  125.0,    6.6,
2600200508, 021514, 041532,  150.7,    5.0,
2600200507, 021514, 041347,  176.1,    3.8,
2600200506, 021514, 041202,  201.7,    3.8,
2610200515, 030614, 043643,    5.6,   16.4,
2610200513, 030614, 043457,   26.0,   17.0,
2610200512, 030614, 043348,   45.3,   15.8,
2610200511, 030614, 043233,   74.7,   13.9,
2610200510, 030614, 043113,  100.7,   13.2,
2610200509, 030614, 042957,  123.9,   10.1,
2610200508, 030614, 042842,  150.8,    4.7,
2610200507, 030614, 042732,  175.4,    3.8,
2610200506, 030614, 042627,  200.6,    4.1,
2630200417, 060114, 041206,    5.4,   17.7,
2630200413, 060114, 040946,   26.0,   17.0,
2630200412, 060114, 040746,   46.8,   16.1,
2630200410, 060114, 040259,   99.8,   13.9,
2630200409, 060114, 040046,  126.2,   11.3,
2630200408, 060114, 035841,  150.8,    6.6,
2630200407, 060114, 035646,  174.8,    5.0,
2630200406, 060114, 035456,  199.1,    5.0,
2640200515, 070114, 035703,    5.3,   18.9,
2640200513, 070114, 035528,   24.9,   19.9,
2640200512, 070114, 035408,   44.9,   20.2,
2640200511, 070114, 035224,   74.0,   16.4,
2640200510, 070114, 035053,  100.0,   12.9,
2640200509, 070114, 034938,  125.0,   12.3,
2640200508, 070114, 034823,  149.9,    7.3,
2640200507, 070114, 034713,  174.4,    6.0,
2640200506, 070114, 034558,  199.9,    4.7,
2650200513, 091514, 040800,   24.8,   19.9,
2650200512, 091514, 040639,   44.4,   19.5,
2650200511, 091514, 040509,   75.2,   18.0,
2650200510, 091514, 040347,   99.9,   18.0,
2650200509, 091514, 040223,  124.6,   12.0,
2650200508, 091514, 040057,  150.3,    6.6,
2650200507, 091514, 035927,  174.4,    6.3,
2650200506, 091514, 035800,  200.1,    6.3,
2660200515, 101414, 040706,    6.4,   21.4,
2660200513, 101414, 040530,   25.3,   19.9,
2660200512, 101414, 040336,   45.5,   21.1,
2660200511, 101414, 040122,   74.1,   20.8,
2660200510, 101414, 035929,  101.5,   17.3,
2660200509, 101414, 035732,  125.5,   11.3,
2660200508, 101414, 035554,  149.7,    9.8,
2660200507, 101414, 035434,  174.1,    6.6,
2660200506, 101414, 035314,  200.9,    6.0,
2670200515, 112214, 033330,    4.5,   17.3,
2670200513, 112214, 033136,   24.9,   16.1,
2670200512, 112214, 032946,   44.8,   20.2,
2670200511, 112214, 032806,   75.0,   19.2,
2670200510, 112214, 032631,   99.9,   13.6,
2670200509, 112214, 032451,  124.6,   10.1,
2670200508, 112214, 032315,  149.7,    6.6,
2670200507, 112214, 032137,  176.6,    5.0,
2670200506, 112214, 031956,  199.1,    9.5,
2680200524, 121714, 070420,    5.7,   13.6,
2680200522, 121714, 070248,   25.0,   13.2,
2680200521, 121714, 070128,   44.9,   14.8,
2680200520, 121714, 065958,   74.6,   14.5,
2680200519, 121714, 065828,   99.9,   14.8,
2680200516, 121714, 065548,  124.6,    8.5,
2680200515, 121714, 065408,  150.5,    5.7,
2680200514, 121714, 065238,  174.8,    5.7,
2680200513, 121714, 065108,  200.1,    4.4,
2690200515, 022515, 041715,    5.3,   18.0,
2690200513, 022515, 041520,   24.5,   16.4,
2690200512, 022515, 041340,   45.4,   15.4,
2690200511, 022515, 041145,   75.3,   18.0,
2690200510, 022515, 040936,  103.9,   15.8,
2690200509, 022515, 040741,  122.0,   14.5,
2690200508, 022515, 040550,  150.5,   11.0,
2690200507, 022515, 040400,  175.9,    6.9,
2690200506, 022515, 040205,  197.8,    3.8,
2700200822, 033015, 174936,    4.6,   14.2,
2700200820, 033015, 174821,   24.6,   14.2,
2700200818, 033015, 174706,   45.1,   15.1,
2700200816, 033015, 174546,   74.3,   14.5,
2700200814, 033015, 174420,   98.8,   13.2,
2700200812, 033015, 174301,  125.6,   13.2,
2700200810, 033015, 174141,  150.3,    9.5,
2700200807, 033015, 173921,  199.8,    4.4,
2710200515, 042215, 040423,    7.5,   14.8,
2710200513, 042215, 040203,   24.9,   12.3,
2710200512, 042215, 040053,   43.9,   10.4,
2710200511, 042215, 035938,   74.8,    8.2,
2710200510, 042215, 035813,  100.3,   10.4,
2710200509, 042215, 035653,  124.9,    6.0,
2710200507, 042215, 035418,  174.3,    4.4,
2710200506, 042215, 035254,  200.3,    3.2,
2720200616, 052415, 040052,    5.5,   14.5,
2720200613, 052415, 035916,   25.2,   13.6,
2720200612, 052415, 035746,   44.7,   14.2,
2720200611, 052415, 035601,   76.9,   15.1,
2720200610, 052415, 035421,  100.1,   15.4,
2720200609, 052415, 035246,  125.3,   14.2,
2720200608, 052415, 035126,  150.1,   11.0,
2720200607, 052415, 035001,  176.9,    8.5,
2720200606, 052415, 034831,  199.5,    6.6,
2730200615, 062015, 035652,    6.8,   11.7,
2730200613, 062015, 035518,   25.4,   16.7,
2730200612, 062015, 035353,   45.1,   12.0,
2730200611, 062015, 035222,   75.4,   12.0,
2730200610, 062015, 035103,  100.0,   10.4,
2730200609, 062015, 034952,  124.6,    8.5,
2730200607, 062015, 034727,  174.2,    4.7,
2730200606, 062015, 034607,  199.6,    4.7,
2740200615, 072015, 041051,    5.8,   11.3,
2740200613, 072015, 040804,   25.4,   13.6,
2740200612, 072015, 040637,   45.8,   18.3,
2740200611, 072015, 040507,   75.3,   15.1,
2740200610, 072015, 040327,  101.6,    9.8,
2740200609, 072015, 040157,  126.7,   11.7,
2740200608, 072015, 040037,  151.6,    6.9,
2740200607, 072015, 035911,  175.7,    6.0,
2740200606, 072015, 035727,  200.5,    3.2,
2750200515, 081315, 040151,    5.1,   11.3,
2750200513, 081315, 040017,   24.9,   18.3,
2750200512, 081315, 035857,   45.0,   13.9,
2750200511, 081315, 035727,   74.5,   13.6,
2750200510, 081315, 035552,   99.9,   12.3,
2750200509, 081315, 035422,  127.2,   10.4,
2750200508, 081315, 035252,  151.4,    5.7,
2750200507, 081315, 035127,  174.0,    4.1,
2750200506, 081315, 035002,  200.4,    4.7,
2770200519, 101415, 041106,    5.8,   15.8,
2770200513, 101415, 040856,   24.9,   13.9,
2770200512, 101415, 040731,   45.1,   16.7,
2770200511, 101415, 040546,   76.0,   16.7,
2770200510, 101415, 040421,  100.0,   14.2,
2770200509, 101415, 040246,  124.9,    8.5,
2770200508, 101415, 040116,  151.1,    6.0,
2770200507, 101415, 035926,  176.5,   22.7,
2770200506, 101415, 035802,  199.5,    3.8,
2780200419, 111415, 043541,    5.8,   16.7,
2780200413, 111415, 043302,   24.6,   24.3,
2780200412, 111415, 043132,   45.2,   20.2,
2780200411, 111415, 042956,   74.9,   19.5,
2780200410, 111415, 042812,   99.1,   17.3,
2780200409, 111415, 042617,  124.4,    9.5,
2780200408, 111415, 042422,  152.0,    4.4,
2780200407, 111415, 042242,  177.7,    3.2,
2780200406, 111415, 042102,  199.2,    3.8,
2790200515, 120915, 032645,    4.7,    9.5,
2790200513, 120915, 032515,   25.2,   17.0,
2790200512, 120915, 032415,   45.5,   13.2,
2790200511, 120915, 032305,   73.9,   16.1,
2790200510, 120915, 032155,  100.0,   14.5,
2790200509, 120915, 032045,  124.1,    8.8,
2790200507, 120915, 031830,  174.9,    8.2,
2790200506, 120915, 031720,  201.1,    4.4,